-121208.71000 -112337.24000
-126495.07000 -112337.24000
-126738.50000 -112337.24000
-127316.08000 -112337.24000
-119070.75000 -112337.24000
-124211.97000 -112337.24000
-126243.91000 -112337.24000
-130187.10000 -112337.24000
-124027.96000 -112337.24000
-118290.12000 -112337.24000
-125123.94000 -112337.24000
-126288.11000 -112337.24000
-124589.56000 -112337.24000
-123600.43000 -112337.24000
-125364.86000 -112337.24000
-121465.91000 -112337.24000
-118740.90000 -112337.24000
-120857.44000 -112337.24000
-120314.01000 -112337.24000
-126229.28000 -112337.24000
-123200.46000 -112337.24000
-122592.74000 -112337.24000
-124752.96000 -112337.24000
-122659.29000 -112337.24000
-127131.78000 -112337.24000
-124846.54000 -112337.24000
-124712.42000 -112337.24000
-110976.51000 -110976.51000
-121237.94000 -110976.51000
-120767.81000 -110976.51000
-121357.09000 -110976.51000
-117176.73000 -110976.51000
-125481.58000 -110976.51000
-119467.40000 -110976.51000
-118648.42000 -110976.51000
-120345.75000 -110976.51000
-120809.49000 -110976.51000
-120181.24000 -110976.51000
-124504.31000 -110976.51000
-121093.63000 -110976.51000
-126123.13000 -110976.51000
-118598.15000 -110976.51000
-123256.77000 -110976.51000
-126291.44000 -110976.51000
-124437.62000 -110976.51000
-125153.70000 -110976.51000
-120730.54000 -110976.51000
-125732.58000 -110976.51000
-123760.49000 -110976.51000
-125752.83000 -110976.51000
-124670.93000 -110976.51000
-121527.14000 -110976.51000
-124682.38000 -110976.51000
-125083.78000 -110976.51000
-126873.14000 -110976.51000
-124594.64000 -110976.51000
-122336.07000 -110976.51000
-119663.46000 -110976.51000
-114448.21000 -110976.51000
-120647.40000 -110976.51000
-123863.84000 -110976.51000
-127232.56000 -110976.51000
-122336.43000 -110976.51000
-121937.13000 -110976.51000
-122936.52000 -110976.51000
-121830.69000 -110976.51000
-123855.39000 -110976.51000
-125456.35000 -110976.51000
-117335.58000 -110976.51000
-117220.89000 -110976.51000
-122598.31000 -110976.51000
-123982.46000 -110976.51000
-125680.49000 -110976.51000
-124028.42000 -110976.51000
-121323.95000 -110976.51000
-122862.48000 -110976.51000
-123183.17000 -110976.51000
-119208.33000 -110976.51000
-120288.30000 -110976.51000
-116243.64000 -110976.51000
-125127.52000 -110976.51000
-126310.15000 -110976.51000
-120450.19000 -110976.51000
-119336.68000 -110976.51000
-118123.59000 -110976.51000
-126375.47000 -110976.51000
-121689.22000 -110976.51000
-122153.69000 -110976.51000
-126382.40000 -110976.51000
-126583.71000 -110976.51000
-117856.23000 -110976.51000
-120392.41000 -110976.51000
-125075.90000 -110976.51000
-119876.10000 -110976.51000
-114540.92000 -110976.51000
-125853.16000 -110976.51000
-127990.47000 -110976.51000
-120168.39000 -110976.51000
-123549.05000 -110976.51000
-122718.74000 -110976.51000
-124047.12000 -110976.51000
-121051.78000 -110976.51000
-119798.68000 -110976.51000
-122160.31000 -110976.51000
-119461.49000 -110976.51000
-121681.88000 -110976.51000
-124311.34000 -110976.51000
-119347.56000 -110976.51000
-115539.71000 -110976.51000
-124294.68000 -110976.51000
-126569.99000 -110976.51000
-125735.47000 -110976.51000
-117973.26000 -110976.51000
-120336.23000 -110976.51000
-118244.25000 -110976.51000
-125235.18000 -110976.51000
-120841.72000 -110976.51000
-114823.23000 -110976.51000
-124725.75000 -110976.51000
-125420.77000 -110976.51000
-116450.68000 -110976.51000
-120950.15000 -110976.51000
-122910.65000 -110976.51000
-124487.77000 -110976.51000
-118726.04000 -110976.51000
-125352.99000 -110976.51000
-124251.25000 -110976.51000
-124589.16000 -110976.51000
-117192.00000 -110976.51000
-124796.42000 -110976.51000
-127331.58000 -110976.51000
-124286.81000 -110976.51000
-119834.11000 -110976.51000
-112833.12000 -110976.51000
-124404.86000 -110976.51000
-125454.06000 -110976.51000
-123790.97000 -110976.51000
-121510.84000 -110976.51000
-121737.18000 -110976.51000
-124879.51000 -110976.51000
-124060.76000 -110976.51000
-121510.52000 -110976.51000
-122352.65000 -110976.51000
-125972.40000 -110976.51000
-125217.43000 -110976.51000
-123282.42000 -110976.51000
-127196.69000 -110976.51000
-115803.15000 -110976.51000
-125757.00000 -110976.51000
-123586.28000 -110976.51000
-126060.65000 -110976.51000
-121697.26000 -110976.51000
-119141.91000 -110976.51000
-128799.52000 -110976.51000
-124273.30000 -110976.51000
-128232.48000 -110976.51000
-125805.77000 -110976.51000
-113917.64000 -110976.51000
-118095.47000 -110976.51000
-122719.56000 -110976.51000
-122194.76000 -110976.51000
-124574.60000 -110976.51000
-125508.18000 -110976.51000
-123316.64000 -110976.51000
-121733.65000 -110976.51000
-124029.02000 -110976.51000
-125130.45000 -110976.51000
-111933.33000 -110976.51000
-123212.93000 -110976.51000
-123084.92000 -110976.51000
-122784.83000 -110976.51000
-123241.45000 -110976.51000
-124262.77000 -110976.51000
-123307.09000 -110976.51000
-126069.14000 -110976.51000
-123810.70000 -110976.51000
-122803.63000 -110976.51000
-124975.77000 -110976.51000
-123950.05000 -110976.51000
-122096.39000 -110976.51000
-123106.64000 -110976.51000
-123329.34000 -110976.51000
-125597.21000 -110976.51000
-118418.05000 -110976.51000
-127537.15000 -110976.51000
-123346.11000 -110976.51000
-114730.00000 -110976.51000
-123269.79000 -110976.51000
-127610.51000 -110976.51000
-118983.92000 -110976.51000
-117856.24000 -110976.51000
-122709.80000 -110976.51000
-126079.18000 -110976.51000
-120705.90000 -110976.51000
-124890.14000 -110976.51000
-112838.82000 -110976.51000
-124915.35000 -110976.51000
-118180.37000 -110976.51000
-126508.24000 -110976.51000
-124123.02000 -110976.51000
-123860.06000 -110976.51000
-123131.14000 -110976.51000
-120308.81000 -110976.51000
-124577.25000 -110976.51000
-127292.74000 -110976.51000
-123859.94000 -110976.51000
-125974.38000 -110976.51000
-125564.79000 -110976.51000
-123340.21000 -110976.51000
-124773.29000 -110976.51000
-119468.37000 -110976.51000
-124168.32000 -110976.51000
-125800.09000 -110976.51000
-120195.21000 -110976.51000
-122978.24000 -110976.51000
-124796.61000 -110976.51000
-122630.26000 -110976.51000
-122849.93000 -110976.51000
-122593.81000 -110976.51000
-126208.75000 -110976.51000
-126162.44000 -110976.51000
-125229.26000 -110976.51000
-123073.60000 -110976.51000
-125118.70000 -110976.51000
-114877.86000 -110976.51000
-125687.05000 -110976.51000
-125941.81000 -110976.51000
-122036.55000 -110976.51000
-127121.84000 -110976.51000
-128624.79000 -110976.51000
-123132.07000 -110976.51000
-124528.68000 -110976.51000
-123271.15000 -110976.51000
-111448.36000 -110976.51000
-125447.34000 -110976.51000
-122408.58000 -110976.51000
-126527.49000 -110976.51000
-120323.38000 -110976.51000
-122568.16000 -110976.51000
-120869.57000 -110976.51000
-115577.25000 -110976.51000
-114222.43000 -110976.51000
-119991.52000 -110976.51000
-126561.78000 -110976.51000
-122300.30000 -110976.51000
-119456.68000 -110976.51000
-112457.84000 -110976.51000
-126125.50000 -110976.51000
-118800.01000 -110976.51000
-121843.80000 -110976.51000
-122377.85000 -110976.51000
-119316.01000 -110976.51000
-115977.29000 -110976.51000
-116652.88000 -110976.51000
-124161.25000 -110976.51000
-124943.00000 -110976.51000
-118681.97000 -110976.51000
-125377.69000 -110976.51000
-120027.45000 -110976.51000
-126053.20000 -110976.51000
-124734.45000 -110976.51000
-124513.93000 -110976.51000
-124415.67000 -110976.51000
-124408.37000 -110976.51000
-124169.71000 -110976.51000
-122609.18000 -110976.51000
-123607.39000 -110976.51000
-125465.13000 -110976.51000
-126383.06000 -110976.51000
-117616.40000 -110976.51000
-120014.07000 -110976.51000
-124520.55000 -110976.51000
-123397.71000 -110976.51000
-126244.47000 -110976.51000
-124083.24000 -110976.51000
-125091.46000 -110976.51000
-120349.60000 -110976.51000
-123170.32000 -110976.51000
-124450.05000 -110976.51000
-125254.65000 -110976.51000
-121659.41000 -110976.51000
-112583.37000 -110976.51000
-122921.15000 -110976.51000
-125920.15000 -110976.51000
-119661.59000 -110976.51000
-120223.57000 -110976.51000
-126933.74000 -110976.51000
-119759.31000 -110976.51000
-119240.33000 -110976.51000
-125356.09000 -110976.51000
-114277.22000 -110976.51000
-124233.86000 -110976.51000
-123011.28000 -110976.51000
-120471.82000 -110976.51000
-124437.55000 -110976.51000
-124993.83000 -110976.51000
-120977.65000 -110976.51000
-122930.51000 -110976.51000
-124767.61000 -110976.51000
-121985.80000 -110976.51000
-127004.42000 -110976.51000
-122185.39000 -110976.51000
-127401.74000 -110976.51000
-125073.94000 -110976.51000
-117956.06000 -110976.51000
-125845.82000 -110976.51000
-118464.10000 -110976.51000
-124283.08000 -110976.51000
-126020.24000 -110976.51000
-120410.45000 -110976.51000
-122387.65000 -110976.51000
-124477.05000 -110976.51000
-123810.80000 -110976.51000
-124724.91000 -110976.51000
-125409.82000 -110976.51000
-125810.29000 -110976.51000
-127015.50000 -110976.51000
-123837.50000 -110976.51000
-124631.17000 -110976.51000
-122667.63000 -110976.51000
-122807.05000 -110976.51000
-124778.57000 -110976.51000
-115999.92000 -110976.51000
-123024.47000 -110976.51000
-122371.17000 -110976.51000
-122836.37000 -110976.51000
-123828.90000 -110976.51000
-121096.25000 -110976.51000
-123526.51000 -110976.51000
-125903.26000 -110976.51000
-116579.15000 -110976.51000
-124638.85000 -110976.51000
-119668.49000 -110976.51000
-120643.67000 -110976.51000
-123233.44000 -110976.51000
-121422.05000 -110976.51000
-124749.31000 -110976.51000
-127468.94000 -110976.51000
-108893.21000 -108893.21000
-125367.65000 -108893.21000
-125394.82000 -108893.21000
-122657.33000 -108893.21000
-115725.15000 -108893.21000
-125776.29000 -108893.21000
-124290.54000 -108893.21000
-123457.39000 -108893.21000
-120026.59000 -108893.21000
-122843.45000 -108893.21000
-112373.37000 -108893.21000
-112045.00000 -108893.21000
-125463.60000 -108893.21000
-125051.90000 -108893.21000
-122201.22000 -108893.21000
-117890.46000 -108893.21000
-121992.80000 -108893.21000
-121925.60000 -108893.21000
-109140.15000 -108893.21000
-119490.99000 -108893.21000
-121810.04000 -108893.21000
-122753.45000 -108893.21000
-124837.25000 -108893.21000
-120550.74000 -108893.21000
-118259.22000 -108893.21000
-122922.10000 -108893.21000
-124537.17000 -108893.21000
-123860.41000 -108893.21000
-119380.35000 -108893.21000
-121650.19000 -108893.21000
-125556.62000 -108893.21000
-124318.61000 -108893.21000
-118460.21000 -108893.21000
-124838.59000 -108893.21000
-125582.84000 -108893.21000
-120860.85000 -108893.21000
-119861.59000 -108893.21000
-96814.62000 -89618.93000
-94895.37000 -89618.93000
-96876.03000 -89618.93000
-94948.99000 -89618.93000
-97276.31000 -89618.93000
-94789.78000 -89618.93000
-96831.47000 -89618.93000
-96012.55000 -89618.93000
-96671.57000 -89618.93000
-95388.83000 -89618.93000
-98642.39000 -89618.93000
-96086.69000 -89618.93000
-97731.65000 -89618.93000
-90740.71000 -89618.93000
-96022.18000 -89618.93000
-98894.75000 -89618.93000
-94108.90000 -89618.93000
-96922.76000 -89618.93000
-91658.59000 -89618.93000
-93914.08000 -89618.93000
-97044.41000 -89618.93000
-97848.82000 -89618.93000
-94642.10000 -89618.93000
-91498.51000 -89618.93000
-93595.97000 -89618.93000
-91115.34000 -89618.93000
-96288.11000 -89618.93000
-93232.02000 -89618.93000
-96224.54000 -89618.93000
-93614.29000 -89618.93000
-98640.02000 -89618.93000
-92732.88000 -89618.93000
-94056.15000 -89618.93000
-98177.41000 -89618.93000
-96294.66000 -89618.93000
-93694.60000 -89618.93000
-98712.02000 -89618.93000
-90825.02000 -89618.93000
-96478.75000 -89618.93000
-95116.47000 -89618.93000
-97068.36000 -89618.93000
-93905.76000 -89618.93000
-95121.43000 -89618.93000
-97714.50000 -89618.93000
-95837.56000 -89618.93000
-97508.46000 -89618.93000
-98182.13000 -89618.93000
-90549.46000 -89618.93000
-96655.69000 -89618.93000
-94859.28000 -89618.93000
-97294.80000 -89618.93000
-95606.23000 -89618.93000
-93534.79000 -89618.93000
-94501.32000 -89618.93000
-98105.76000 -89618.93000
-96208.93000 -89618.93000
-98121.41000 -89618.93000
-94662.34000 -89618.93000
-92226.91000 -89618.93000
-93381.80000 -89618.93000
-93964.77000 -89618.93000
-94632.17000 -89618.93000
-95171.70000 -89618.93000
-93971.39000 -89618.93000
-95984.05000 -89618.93000
-93217.05000 -89618.93000
-92756.25000 -89618.93000
-93980.52000 -89618.93000
-94120.88000 -89618.93000
-96242.77000 -89618.93000
-93959.27000 -89618.93000
-98183.40000 -89618.93000
-98955.98000 -89618.93000
-97334.83000 -89618.93000
-96419.97000 -89618.93000
-94094.51000 -89618.93000
-91051.78000 -89618.93000
-96980.38000 -89618.93000
-94813.68000 -89618.93000
-94927.59000 -89618.93000
-99002.98000 -89618.93000
-97178.69000 -89618.93000
-98240.29000 -89618.93000
-97152.08000 -89618.93000
-97210.58000 -89618.93000
-92860.58000 -89618.93000
-95048.05000 -89618.93000
-95113.28000 -89618.93000
-97789.07000 -89618.93000
-92626.17000 -89618.93000
-97234.86000 -89618.93000
-94349.78000 -89618.93000
-96852.52000 -89618.93000
-94236.42000 -89618.93000
-97183.73000 -89618.93000
-95594.20000 -89618.93000
-95142.41000 -89618.93000
-94721.26000 -89618.93000
-98537.24000 -89618.93000
-90350.81000 -89618.93000
-96314.09000 -89618.93000
-97128.05000 -89618.93000
-92470.76000 -89618.93000
-97987.95000 -89618.93000
-95935.48000 -89618.93000
-97382.50000 -89618.93000
-97149.92000 -89618.93000
-95843.37000 -89618.93000
-95767.54000 -89618.93000
-96572.34000 -89618.93000
-95499.64000 -89618.93000
-98136.41000 -89618.93000
-93246.34000 -89618.93000
-90475.41000 -89618.93000
-94797.65000 -89618.93000
-94754.17000 -89618.93000
-97564.90000 -89618.93000
-96400.35000 -89618.93000
-99828.62000 -89618.93000
-97019.09000 -89618.93000
-98777.92000 -89618.93000
-94852.99000 -89618.93000
-95301.61000 -89618.93000
-95095.70000 -89618.93000
-97515.64000 -89618.93000
-95390.67000 -89618.93000
-99983.75000 -89618.93000
-96364.64000 -89618.93000
-96429.35000 -89618.93000
-95917.03000 -89618.93000
-95699.53000 -89618.93000
-97984.86000 -89618.93000
-91446.97000 -89618.93000
-94266.47000 -89618.93000
-92034.60000 -89618.93000
-96703.76000 -89618.93000
-96164.31000 -89618.93000
-94542.84000 -89618.93000
-93744.45000 -89618.93000
-97169.09000 -89618.93000
-97787.87000 -89618.93000
-97077.70000 -89618.93000
-95762.02000 -89618.93000
-95720.52000 -89618.93000
-95398.08000 -89618.93000
-99854.74000 -89618.93000
-95280.59000 -89618.93000
-98332.20000 -89618.93000
-98530.41000 -89618.93000
-93141.71000 -89618.93000
-95492.84000 -89618.93000
-98192.79000 -89618.93000
-97691.84000 -89618.93000
-92164.32000 -89618.93000
-96063.85000 -89618.93000
-97969.98000 -89618.93000
-94916.35000 -89618.93000
-93953.14000 -89618.93000
-95224.94000 -89618.93000
-96051.29000 -89618.93000
-93200.38000 -89618.93000
-95218.10000 -89618.93000
-97201.16000 -89618.93000
-98917.88000 -89618.93000
-96620.96000 -89618.93000
-97237.15000 -89618.93000
-88921.97000 -88921.97000
-96373.46000 -88921.97000
-96804.65000 -88921.97000
-91758.20000 -88921.97000
-94695.13000 -88921.97000
-85323.50000 -85323.50000
-95471.97000 -85323.50000
-92020.34000 -85323.50000
-93374.03000 -85323.50000
-97546.97000 -85323.50000
-97446.94000 -85323.50000
-96420.12000 -85323.50000
-97786.01000 -85323.50000
-87374.44000 -85323.50000
-97179.34000 -85323.50000
-94880.60000 -85323.50000
-89954.17000 -85323.50000
-95981.23000 -85323.50000
-93142.05000 -85323.50000
-97352.69000 -85323.50000
-95606.51000 -85323.50000
-97079.39000 -85323.50000
-94565.53000 -85323.50000
-95057.23000 -85323.50000
-92964.90000 -85323.50000
-93334.82000 -85323.50000
-92545.99000 -85323.50000
-89257.84000 -85323.50000
-89079.38000 -85323.50000
-99325.73000 -85323.50000
-98173.66000 -85323.50000
-89371.29000 -85323.50000
-89904.68000 -85323.50000
-92458.87000 -85323.50000
-96452.82000 -85323.50000
-97041.23000 -85323.50000
-93627.07000 -85323.50000
-92260.89000 -85323.50000
-92184.84000 -85323.50000
-94225.05000 -85323.50000
-90687.89000 -85323.50000
-95038.43000 -85323.50000
-94805.89000 -85323.50000
-94821.10000 -85323.50000
-88294.78000 -85323.50000
-92038.97000 -85323.50000
-95491.83000 -85323.50000
-90577.26000 -85323.50000
-98461.82000 -85323.50000
-91178.88000 -85323.50000
-95443.85000 -85323.50000
-96727.95000 -85323.50000
-92307.74000 -85323.50000
-96656.68000 -85323.50000
-96965.65000 -85323.50000
-93226.57000 -85323.50000
-92596.05000 -85323.50000
-93907.27000 -85323.50000
-96026.29000 -85323.50000
-97024.71000 -85323.50000
-90525.58000 -85323.50000
-91503.44000 -85323.50000
-95557.95000 -85323.50000
-92737.88000 -85323.50000
-96547.94000 -85323.50000
-90225.69000 -85323.50000
-97543.24000 -85323.50000
-94482.31000 -85323.50000
-91961.36000 -85323.50000
-96248.17000 -85323.50000
-94269.16000 -85323.50000
-90520.36000 -85323.50000
-95405.10000 -85323.50000
-95478.56000 -85323.50000
-94451.50000 -85323.50000
-98807.13000 -85323.50000
-96622.67000 -85323.50000
-95352.69000 -85323.50000
-94485.10000 -85323.50000
-89661.54000 -85323.50000
-95870.21000 -85323.50000
-93586.10000 -85323.50000
-96887.79000 -85323.50000
-85609.18000 -85323.50000
-96989.25000 -85323.50000
-95985.60000 -85323.50000
-91656.59000 -85323.50000
-90747.34000 -85323.50000
-91438.98000 -85323.50000
-96300.01000 -85323.50000
-93666.51000 -85323.50000
-94502.43000 -85323.50000
-98332.18000 -85323.50000
-95087.08000 -85323.50000
-93080.04000 -85323.50000
-94648.00000 -85323.50000
-85762.52000 -85323.50000
-97560.62000 -85323.50000
-96001.05000 -85323.50000
-95106.22000 -85323.50000
-97029.80000 -85323.50000
-96401.04000 -85323.50000
-93199.69000 -85323.50000
-93988.04000 -85323.50000
-97709.15000 -85323.50000
-97852.15000 -85323.50000
-98112.28000 -85323.50000
-94997.59000 -85323.50000
-97529.31000 -85323.50000
-96357.57000 -85323.50000
-97296.52000 -85323.50000
-96921.32000 -85323.50000
-86969.50000 -85323.50000
-96778.76000 -85323.50000
-99438.24000 -85323.50000
-94653.24000 -85323.50000
-99674.90000 -85323.50000
-95809.30000 -85323.50000
-88508.98000 -85323.50000
-91470.70000 -85323.50000
-89065.23000 -85323.50000
-96351.85000 -85323.50000
-90604.48000 -85323.50000
-94926.46000 -85323.50000
-94781.63000 -85323.50000
-96684.09000 -85323.50000
-97646.57000 -85323.50000
-97742.49000 -85323.50000
-91909.78000 -85323.50000
-91582.74000 -85323.50000
-92004.96000 -85323.50000
-91547.67000 -85323.50000
-95934.86000 -85323.50000
-87986.68000 -85323.50000
-96323.03000 -85323.50000
-93202.07000 -85323.50000
-96619.11000 -85323.50000
-96125.97000 -85323.50000
-92564.23000 -85323.50000
-97129.00000 -85323.50000
-92226.52000 -85323.50000
-91742.35000 -85323.50000
-92312.72000 -85323.50000
-91579.27000 -85323.50000
-96832.92000 -85323.50000
-96564.70000 -85323.50000
-95422.87000 -85323.50000
-93635.72000 -85323.50000
-96389.79000 -85323.50000
-95531.10000 -85323.50000
-93580.24000 -85323.50000
-92646.98000 -85323.50000
-96678.83000 -85323.50000
-89586.56000 -85323.50000
-90611.32000 -85323.50000
-97573.92000 -85323.50000
-96740.59000 -85323.50000
-96455.25000 -85323.50000
-96751.57000 -85323.50000
-95800.94000 -85323.50000
-96367.38000 -85323.50000
-97329.78000 -85323.50000
-96465.16000 -85323.50000
-95013.01000 -85323.50000
-88308.20000 -85323.50000
-96511.25000 -85323.50000
-97084.79000 -85323.50000
-90867.11000 -85323.50000
-95289.18000 -85323.50000
-95153.16000 -85323.50000
-94965.82000 -85323.50000
-95545.70000 -85323.50000
-94137.59000 -85323.50000
-94872.82000 -85323.50000
-95536.20000 -85323.50000
-97089.36000 -85323.50000
-93834.34000 -85323.50000
-94194.68000 -85323.50000
-95425.97000 -85323.50000
-98244.77000 -85323.50000
-92389.42000 -85323.50000
-97414.51000 -85323.50000
-94818.01000 -85323.50000
-95556.06000 -85323.50000
-94170.42000 -85323.50000
-88150.57000 -85323.50000
-89506.73000 -85323.50000
-89780.26000 -85323.50000
-94248.31000 -85323.50000
-94106.12000 -85323.50000
-94752.25000 -85323.50000
-96358.31000 -85323.50000
-96351.44000 -85323.50000
-91409.96000 -85323.50000
-97852.82000 -85323.50000
-97240.13000 -85323.50000
-95837.99000 -85323.50000
-95400.65000 -85323.50000
-96547.34000 -85323.50000
-96008.31000 -85323.50000
-95370.19000 -85323.50000
-97512.83000 -85323.50000
-94595.30000 -85323.50000
-95695.74000 -85323.50000
-94605.78000 -85323.50000
-95926.17000 -85323.50000
-94809.46000 -85323.50000
-95268.52000 -85323.50000
-95419.17000 -85323.50000
-74303.71000 -69166.14000
-72568.22000 -69166.14000
-74166.58000 -69166.14000
-73416.28000 -69166.14000
-69845.69000 -69166.14000
-69574.15000 -69166.14000
-70076.67000 -69166.14000
-71501.12000 -69166.14000
-72912.97000 -69166.14000
-70444.74000 -69166.14000
-73144.42000 -69166.14000
-71175.21000 -69166.14000
-76105.74000 -69166.14000
-77046.91000 -69166.14000
-73584.51000 -69166.14000
-72729.92000 -69166.14000
-71479.69000 -69166.14000
-75986.86000 -69166.14000
-72763.53000 -69166.14000
-75439.70000 -69166.14000
-74580.26000 -69166.14000
-74370.83000 -69166.14000
-71284.33000 -69166.14000
-74997.85000 -69166.14000
-71767.24000 -69166.14000
-71489.01000 -69166.14000
-75490.14000 -69166.14000
-75897.63000 -69166.14000
-74893.80000 -69166.14000
-73629.37000 -69166.14000
-72996.61000 -69166.14000
-74152.75000 -69166.14000
-74791.09000 -69166.14000
-73845.14000 -69166.14000
-74653.42000 -69166.14000
-75115.48000 -69166.14000
-69931.11000 -69166.14000
-72055.39000 -69166.14000
-74755.88000 -69166.14000
-71345.78000 -69166.14000
-71664.17000 -69166.14000
-71325.07000 -69166.14000
-76307.93000 -69166.14000
-75128.59000 -69166.14000
-74285.93000 -69166.14000
-73080.71000 -69166.14000
-74084.37000 -69166.14000
-72370.91000 -69166.14000
-74992.26000 -69166.14000
-77770.80000 -69166.14000
-74826.25000 -69166.14000
-71710.80000 -69166.14000
-75228.46000 -69166.14000
-73673.04000 -69166.14000
-72517.78000 -69166.14000
-74722.79000 -69166.14000
-74822.51000 -69166.14000
-71130.65000 -69166.14000
-74189.96000 -69166.14000
-73062.68000 -69166.14000
-72271.27000 -69166.14000
-75901.16000 -69166.14000
-73382.30000 -69166.14000
-70548.25000 -69166.14000
-75435.53000 -69166.14000
-75503.72000 -69166.14000
-74400.50000 -69166.14000
-75102.60000 -69166.14000
-71839.35000 -69166.14000
-75092.46000 -69166.14000
-72143.57000 -69166.14000
-72303.38000 -69166.14000
-71479.50000 -69166.14000
-72477.27000 -69166.14000
-73821.08000 -69166.14000
-73719.03000 -69166.14000
-75329.52000 -69166.14000
-74944.39000 -69166.14000
-74550.97000 -69166.14000
-74536.26000 -69166.14000
-73791.68000 -69166.14000
-73320.46000 -69166.14000
-75670.83000 -69166.14000
-75973.07000 -69166.14000
-74127.60000 -69166.14000
-75807.14000 -69166.14000
-76276.77000 -69166.14000
-68376.02000 -68376.02000
-75488.66000 -68376.02000
-74091.89000 -68376.02000
-75440.07000 -68376.02000
-75372.38000 -68376.02000
-73119.45000 -68376.02000
-69817.82000 -68376.02000
-70814.73000 -68376.02000
-74018.72000 -68376.02000
-74972.26000 -68376.02000
-72869.15000 -68376.02000
-73538.18000 -68376.02000
-72172.62000 -68376.02000
-74887.94000 -68376.02000
-69812.14000 -68376.02000
-70339.36000 -68376.02000
-71431.01000 -68376.02000
-75096.88000 -68376.02000
-72506.78000 -68376.02000
-74757.26000 -68376.02000
-75483.96000 -68376.02000
-69560.02000 -68376.02000
-75163.49000 -68376.02000
-74527.39000 -68376.02000
-74018.00000 -68376.02000
-73805.31000 -68376.02000
-74051.63000 -68376.02000
-72257.71000 -68376.02000
-73720.68000 -68376.02000
-74774.21000 -68376.02000
-68538.20000 -68376.02000
-69449.89000 -68376.02000
-74766.64000 -68376.02000
-75140.56000 -68376.02000
-73582.45000 -68376.02000
-71656.74000 -68376.02000
-71594.97000 -68376.02000
-72538.59000 -68376.02000
-72881.29000 -68376.02000
-74008.57000 -68376.02000
-74352.16000 -68376.02000
-71992.20000 -68376.02000
-75000.09000 -68376.02000
-73702.71000 -68376.02000
-73243.73000 -68376.02000
-69862.82000 -68376.02000
-74004.25000 -68376.02000
-73483.36000 -68376.02000
-74137.40000 -68376.02000
-74095.05000 -68376.02000
-74054.29000 -68376.02000
-68474.87000 -68376.02000
-71910.09000 -68376.02000
-72003.12000 -68376.02000
-72019.89000 -68376.02000
-75167.04000 -68376.02000
-74557.86000 -68376.02000
-72847.46000 -68376.02000
-73875.15000 -68376.02000
-74090.12000 -68376.02000
-73877.35000 -68376.02000
-73833.27000 -68376.02000
-73977.92000 -68376.02000
-71516.16000 -68376.02000
-75226.95000 -68376.02000
-73435.55000 -68376.02000
-70654.98000 -68376.02000
-71244.49000 -68376.02000
-70718.71000 -68376.02000
-70398.47000 -68376.02000
-72805.89000 -68376.02000
-73164.11000 -68376.02000
-76201.73000 -68376.02000
-71310.94000 -68376.02000
-70539.85000 -68376.02000
-72967.93000 -68376.02000
-75558.59000 -68376.02000
-72704.04000 -68376.02000
-73156.69000 -68376.02000
-70835.27000 -68376.02000
-75094.75000 -68376.02000
-70006.12000 -68376.02000
-69611.33000 -68376.02000
-74664.93000 -68376.02000
-70827.67000 -68376.02000
-73846.29000 -68376.02000
-72767.83000 -68376.02000
-73963.95000 -68376.02000
-75656.89000 -68376.02000
-73704.98000 -68376.02000
-75089.36000 -68376.02000
-74610.66000 -68376.02000
-76531.11000 -68376.02000
-71427.34000 -68376.02000
-74357.44000 -68376.02000
-75088.30000 -68376.02000
-68943.73000 -68376.02000
-72393.22000 -68376.02000
-72835.67000 -68376.02000
-75577.19000 -68376.02000
-73096.81000 -68376.02000
-68557.52000 -68376.02000
-74098.43000 -68376.02000
-74993.14000 -68376.02000
-74277.19000 -68376.02000
-72272.46000 -68376.02000
-74621.07000 -68376.02000
-72438.61000 -68376.02000
-71452.15000 -68376.02000
-74521.29000 -68376.02000
-71715.81000 -68376.02000
-72534.75000 -68376.02000
-71108.04000 -68376.02000
-73470.00000 -68376.02000
-74417.09000 -68376.02000
-74603.66000 -68376.02000
-73802.26000 -68376.02000
-72659.94000 -68376.02000
-68456.17000 -68376.02000
-74823.95000 -68376.02000
-72611.80000 -68376.02000
-68117.68000 -68117.68000
-74956.00000 -68117.68000
-73224.13000 -68117.68000
-73388.31000 -68117.68000
-74790.22000 -68117.68000
-74056.88000 -68117.68000
-72963.09000 -68117.68000
-74162.59000 -68117.68000
-74357.42000 -68117.68000
-73557.04000 -68117.68000
-69889.68000 -68117.68000
-68100.02000 -68100.02000
-72063.75000 -68100.02000
-69547.62000 -68100.02000
-74887.84000 -68100.02000
-68915.71000 -68100.02000
-73940.80000 -68100.02000
-71456.79000 -68100.02000
-72340.28000 -68100.02000
-72625.23000 -68100.02000
-69346.32000 -68100.02000
-76045.78000 -68100.02000
-75239.91000 -68100.02000
-75667.09000 -68100.02000
-72771.53000 -68100.02000
-73572.33000 -68100.02000
-71472.72000 -68100.02000
-69792.25000 -68100.02000
-73412.30000 -68100.02000
-73497.26000 -68100.02000
-76143.62000 -68100.02000
-73758.12000 -68100.02000
-66617.22000 -66617.22000
-74084.12000 -66617.22000
-72052.22000 -66617.22000
-71530.89000 -66617.22000
-67094.54000 -66617.22000
-70977.25000 -66617.22000
-73116.54000 -66617.22000
-73498.77000 -66617.22000
-74619.32000 -66617.22000
-75005.12000 -66617.22000
-73631.42000 -66617.22000
-75223.77000 -66617.22000
-68308.06000 -66617.22000
-67632.39000 -66617.22000
-69685.31000 -66617.22000
-70084.50000 -66617.22000
-73297.87000 -66617.22000
-74029.43000 -66617.22000
-71330.32000 -66617.22000
-76523.40000 -66617.22000
-73223.13000 -66617.22000
-74601.60000 -66617.22000
-72965.99000 -66617.22000
-68994.91000 -66617.22000
-69468.19000 -66617.22000
-68664.43000 -66617.22000
-74588.90000 -66617.22000
-74035.89000 -66617.22000
-74095.02000 -66617.22000
-70458.72000 -66617.22000
-73411.92000 -66617.22000
-65876.80000 -65876.80000
-72867.16000 -65876.80000
-72425.99000 -65876.80000
-73223.16000 -65876.80000
-75444.13000 -65876.80000
-73480.98000 -65876.80000
-71337.91000 -65876.80000
-72725.19000 -65876.80000
-68707.67000 -65876.80000
-73825.55000 -65876.80000
-69894.10000 -65876.80000
-73280.45000 -65876.80000
-76020.66000 -65876.80000
-73254.58000 -65876.80000
-73566.52000 -65876.80000
-69362.46000 -65876.80000
-65838.37000 -65838.37000
-73614.04000 -65838.37000
-71634.43000 -65838.37000
-74244.51000 -65838.37000
-74638.73000 -65838.37000
-73981.30000 -65838.37000
-73825.34000 -65838.37000
-72773.13000 -65838.37000
-71648.60000 -65838.37000
-74430.44000 -65838.37000
-67357.77000 -65838.37000
-72434.33000 -65838.37000
-69688.97000 -65838.37000
-69782.35000 -65838.37000
-72743.82000 -65838.37000
-68196.73000 -65838.37000
-74282.48000 -65838.37000
-66407.05000 -65838.37000
-73798.15000 -65838.37000
-72007.76000 -65838.37000
-72891.44000 -65838.37000
-72763.22000 -65838.37000
-74198.23000 -65838.37000
-72584.55000 -65838.37000
-66921.55000 -65838.37000
-73973.20000 -65838.37000
-74017.58000 -65838.37000
-75179.81000 -65838.37000
-75892.43000 -65838.37000
-71455.85000 -65838.37000
-75220.34000 -65838.37000
-69752.86000 -65838.37000
-73839.75000 -65838.37000
-70449.10000 -65838.37000
-74430.65000 -65838.37000
-74926.40000 -65838.37000
-72037.40000 -65838.37000
-71980.07000 -65838.37000
-73673.77000 -65838.37000
-67203.42000 -65838.37000
-74192.04000 -65838.37000
-73540.63000 -65838.37000
-72725.04000 -65838.37000
-65404.09000 -65404.09000
-73709.66000 -65404.09000
-70898.33000 -65404.09000
-71387.24000 -65404.09000
-70294.54000 -65404.09000
-65215.27000 -65215.27000
-72423.20000 -65215.27000
-73887.12000 -65215.27000
-74890.16000 -65215.27000
-68124.17000 -65215.27000
-72920.64000 -65215.27000
-72743.97000 -65215.27000
-72748.00000 -65215.27000
-74468.01000 -65215.27000
-71297.00000 -65215.27000
-75189.63000 -65215.27000
-73338.94000 -65215.27000
-68891.29000 -65215.27000
-73314.73000 -65215.27000
-71604.35000 -65215.27000
-71062.25000 -65215.27000
-74525.41000 -65215.27000
-72760.21000 -65215.27000
-68884.29000 -65215.27000
-74487.31000 -65215.27000
-72874.98000 -65215.27000
-68527.14000 -65215.27000
-71858.03000 -65215.27000
-73764.05000 -65215.27000
-74349.65000 -65215.27000
-72988.74000 -65215.27000
-73668.64000 -65215.27000
-71992.14000 -65215.27000
-69586.49000 -65215.27000
-69281.86000 -65215.27000
-72008.45000 -65215.27000
-69747.74000 -65215.27000
-71015.52000 -65215.27000
-72677.04000 -65215.27000
-72614.48000 -65215.27000
-73515.63000 -65215.27000
-63853.17000 -63853.17000
-72812.91000 -63853.17000
-71012.06000 -63853.17000
-73282.39000 -63853.17000
-58831.01000 -52585.93000
-55137.17000 -52585.93000
-53820.72000 -52585.93000
-52156.71000 -52156.71000
-58040.31000 -52156.71000
-54542.15000 -52156.71000
-57641.25000 -52156.71000
-55101.64000 -52156.71000
-56928.42000 -52156.71000
-58713.59000 -52156.71000
-58678.14000 -52156.71000
-56457.74000 -52156.71000
-52952.90000 -52156.71000
-56782.92000 -52156.71000
-57792.07000 -52156.71000
-57915.21000 -52156.71000
-56464.46000 -52156.71000
-53636.32000 -52156.71000
-57120.58000 -52156.71000
-57427.18000 -52156.71000
-57871.61000 -52156.71000
-57969.59000 -52156.71000
-58718.65000 -52156.71000
-57967.36000 -52156.71000
-52897.52000 -52156.71000
-57647.32000 -52156.71000
-55499.01000 -52156.71000
-56224.97000 -52156.71000
-56326.47000 -52156.71000
-59462.04000 -52156.71000
-58144.93000 -52156.71000
-58646.62000 -52156.71000
-56132.52000 -52156.71000
-59806.36000 -52156.71000
-55642.81000 -52156.71000
-57985.24000 -52156.71000
-57358.75000 -52156.71000
-56225.75000 -52156.71000
-57405.83000 -52156.71000
-58482.01000 -52156.71000
-54918.05000 -52156.71000
-59182.09000 -52156.71000
-57208.02000 -52156.71000
-58198.64000 -52156.71000
-57533.59000 -52156.71000
-58302.34000 -52156.71000
-58672.68000 -52156.71000
-58654.09000 -52156.71000
-57068.57000 -52156.71000
-57874.36000 -52156.71000
-56285.89000 -52156.71000
-58594.59000 -52156.71000
-58858.42000 -52156.71000
-59028.97000 -52156.71000
-57985.69000 -52156.71000
-56473.66000 -52156.71000
-57684.75000 -52156.71000
-54297.75000 -52156.71000
-59207.62000 -52156.71000
-57333.17000 -52156.71000
-52726.42000 -52156.71000
-57750.16000 -52156.71000
-59474.53000 -52156.71000
-55999.22000 -52156.71000
-58402.16000 -52156.71000
-58410.64000 -52156.71000
-56298.35000 -52156.71000
-57959.86000 -52156.71000
-56654.39000 -52156.71000
-54746.91000 -52156.71000
-57699.36000 -52156.71000
-56416.86000 -52156.71000
-57826.78000 -52156.71000
-59087.72000 -52156.71000
-58054.11000 -52156.71000
-57325.18000 -52156.71000
-58309.67000 -52156.71000
-57482.63000 -52156.71000
-57164.56000 -52156.71000
-56025.72000 -52156.71000
-57141.75000 -52156.71000
-57811.35000 -52156.71000
-57580.95000 -52156.71000
-57062.84000 -52156.71000
-59135.77000 -52156.71000
-56446.48000 -52156.71000
-55612.02000 -52156.71000
-58590.69000 -52156.71000
-58437.90000 -52156.71000
-54742.25000 -52156.71000
-57741.01000 -52156.71000
-57436.05000 -52156.71000
-57128.33000 -52156.71000
-54100.89000 -52156.71000
-58382.33000 -52156.71000
-59496.73000 -52156.71000
-56309.67000 -52156.71000
-56529.62000 -52156.71000
-56502.92000 -52156.71000
-55947.49000 -52156.71000
-54622.64000 -52156.71000
-53420.62000 -52156.71000
-59463.76000 -52156.71000
-57612.15000 -52156.71000
-57799.73000 -52156.71000
-57532.21000 -52156.71000
-58262.98000 -52156.71000
-57372.90000 -52156.71000
-57832.95000 -52156.71000
-56991.95000 -52156.71000
-54280.69000 -52156.71000
-57123.96000 -52156.71000
-59532.79000 -52156.71000
-57191.77000 -52156.71000
-57014.25000 -52156.71000
-57474.62000 -52156.71000
-57852.29000 -52156.71000
-53851.80000 -52156.71000
-56208.64000 -52156.71000
-57907.98000 -52156.71000
-57409.99000 -52156.71000
-57167.82000 -52156.71000
-57608.60000 -52156.71000
-54604.04000 -52156.71000
-54081.22000 -52156.71000
-58106.76000 -52156.71000
-53998.87000 -52156.71000
-56274.40000 -52156.71000
-58294.46000 -52156.71000
-54822.71000 -52156.71000
-58251.05000 -52156.71000
-58138.06000 -52156.71000
-55962.78000 -52156.71000
-53697.64000 -52156.71000
-58913.31000 -52156.71000
-57630.12000 -52156.71000
-57949.73000 -52156.71000
-57664.67000 -52156.71000
-56866.47000 -52156.71000
-57826.98000 -52156.71000
-58316.53000 -52156.71000
-56477.23000 -52156.71000
-57490.75000 -52156.71000
-56030.64000 -52156.71000
-55261.43000 -52156.71000
-59125.03000 -52156.71000
-58788.58000 -52156.71000
-58618.20000 -52156.71000
-58585.47000 -52156.71000
-58089.94000 -52156.71000
-57281.30000 -52156.71000
-57760.98000 -52156.71000
-56197.54000 -52156.71000
-58108.49000 -52156.71000
-59678.84000 -52156.71000
-57358.19000 -52156.71000
-57197.46000 -52156.71000
-59526.27000 -52156.71000
-57372.04000 -52156.71000
-59244.35000 -52156.71000
-54982.36000 -52156.71000
-58023.61000 -52156.71000
-56983.64000 -52156.71000
-54453.93000 -52156.71000
-58201.97000 -52156.71000
-57013.06000 -52156.71000
-58656.73000 -52156.71000
-58306.36000 -52156.71000
-57465.31000 -52156.71000
-54147.98000 -52156.71000
-58474.45000 -52156.71000
-57605.95000 -52156.71000
-56157.74000 -52156.71000
-55135.00000 -52156.71000
-58735.77000 -52156.71000
-55878.37000 -52156.71000
-57250.27000 -52156.71000
-57524.07000 -52156.71000
-56746.43000 -52156.71000
-57293.15000 -52156.71000
-58093.10000 -52156.71000
-54077.61000 -52156.71000
-57416.16000 -52156.71000
-53965.15000 -52156.71000
-54548.89000 -52156.71000
-58224.84000 -52156.71000
-54829.90000 -52156.71000
-56021.86000 -52156.71000
-57097.45000 -52156.71000
-56555.15000 -52156.71000
-58062.24000 -52156.71000
-58581.74000 -52156.71000
-55831.11000 -52156.71000
-58241.71000 -52156.71000
-56378.66000 -52156.71000
-59069.59000 -52156.71000
-56753.50000 -52156.71000
-57220.38000 -52156.71000
-57294.31000 -52156.71000
-57886.83000 -52156.71000
-57644.56000 -52156.71000
-56908.64000 -52156.71000
-58447.84000 -52156.71000
-58672.24000 -52156.71000
-55563.57000 -52156.71000
-58548.99000 -52156.71000
-58699.84000 -52156.71000
-56489.83000 -52156.71000
-58534.51000 -52156.71000
-57910.82000 -52156.71000
-57843.39000 -52156.71000
-57080.24000 -52156.71000
-58080.15000 -52156.71000
-57452.84000 -52156.71000
-57631.80000 -52156.71000
-58980.70000 -52156.71000
-58733.34000 -52156.71000
-58226.44000 -52156.71000
-52782.11000 -52156.71000
-56913.27000 -52156.71000
-56450.80000 -52156.71000
-57402.21000 -52156.71000
-56926.49000 -52156.71000
-56665.54000 -52156.71000
-53279.02000 -52156.71000
-53113.30000 -52156.71000
-57304.70000 -52156.71000
-57754.19000 -52156.71000
-55193.20000 -52156.71000
-58431.75000 -52156.71000
-57601.57000 -52156.71000
-58339.14000 -52156.71000
-56807.55000 -52156.71000
-57868.71000 -52156.71000
-58555.65000 -52156.71000
-58490.52000 -52156.71000
-57610.82000 -52156.71000
-57024.29000 -52156.71000
-53838.08000 -52156.71000
-58992.78000 -52156.71000
-60687.33000 -52156.71000
-58847.08000 -52156.71000
-57833.36000 -52156.71000
-52593.46000 -52156.71000
-58695.36000 -52156.71000
-58907.27000 -52156.71000
-55656.39000 -52156.71000
-58199.77000 -52156.71000
-55338.25000 -52156.71000
-57529.03000 -52156.71000
-58904.38000 -52156.71000
-55642.87000 -52156.71000
-58593.91000 -52156.71000
-58513.97000 -52156.71000
-58288.29000 -52156.71000
-58351.72000 -52156.71000
-58020.69000 -52156.71000
-54751.38000 -52156.71000
-58334.50000 -52156.71000
-55917.10000 -52156.71000
-57734.65000 -52156.71000
-57874.31000 -52156.71000
-58150.97000 -52156.71000
-58623.24000 -52156.71000
-51565.32000 -51565.32000
-57808.16000 -51565.32000
-54457.09000 -51565.32000
-56576.38000 -51565.32000
-58499.54000 -51565.32000
-57937.20000 -51565.32000
-55407.63000 -51565.32000
-59074.70000 -51565.32000
-54246.68000 -51565.32000
-54685.56000 -51565.32000
-55431.79000 -51565.32000
-56763.01000 -51565.32000
-57138.48000 -51565.32000
-56222.47000 -51565.32000
-55553.11000 -51565.32000
-55275.50000 -51565.32000
-56486.64000 -51565.32000
-59404.41000 -51565.32000
-54068.69000 -51565.32000
-53008.36000 -51565.32000
-57838.53000 -51565.32000
-53628.36000 -51565.32000
-55395.96000 -51565.32000
-57469.13000 -51565.32000
-55419.67000 -51565.32000
-56448.47000 -51565.32000
-57238.68000 -51565.32000
-57341.43000 -51565.32000
-55372.70000 -51565.32000
-55710.35000 -51565.32000
-57538.44000 -51565.32000
-57596.94000 -51565.32000
-58378.00000 -51565.32000
-50813.83000 -50813.83000
-57107.58000 -50813.83000
-57885.75000 -50813.83000
-57296.33000 -50813.83000
-55709.67000 -50813.83000
-57466.91000 -50813.83000
-54864.94000 -50813.83000
-58068.99000 -50813.83000
-53539.84000 -50813.83000
-56052.17000 -50813.83000
-57243.75000 -50813.83000
-57302.63000 -50813.83000
-57762.80000 -50813.83000
-57986.54000 -50813.83000
-57291.74000 -50813.83000
-56882.78000 -50813.83000
-57362.40000 -50813.83000
-57074.11000 -50813.83000
-58185.64000 -50813.83000
-58261.30000 -50813.83000
-58087.90000 -50813.83000
-57216.53000 -50813.83000
-57676.09000 -50813.83000
-57638.49000 -50813.83000
-58073.97000 -50813.83000
-58726.04000 -50813.83000
-53142.87000 -50813.83000
-56424.43000 -50813.83000
-57292.21000 -50813.83000
-54391.95000 -50813.83000
-54445.63000 -50813.83000
-56139.37000 -50813.83000
-55092.11000 -50813.83000
-55814.41000 -50813.83000
-57214.76000 -50813.83000
-57395.02000 -50813.83000
-56413.43000 -50813.83000
-57818.55000 -50813.83000
-56726.30000 -50813.83000
-57473.46000 -50813.83000
-55040.06000 -50813.83000
-55412.90000 -50813.83000
-56544.47000 -50813.83000
-57883.03000 -50813.83000
-59032.84000 -50813.83000
-54675.31000 -50813.83000
-52247.58000 -50813.83000
-54224.17000 -50813.83000
-58393.83000 -50813.83000
-58571.16000 -50813.83000
-57504.83000 -50813.83000
-56845.97000 -50813.83000
-58688.73000 -50813.83000
-57731.10000 -50813.83000
-53337.60000 -50813.83000
-56837.09000 -50813.83000
-58252.22000 -50813.83000
-57606.13000 -50813.83000
-55631.77000 -50813.83000
-56612.33000 -50813.83000
-57931.08000 -50813.83000
-58204.97000 -50813.83000
-50092.06000 -50092.06000
-56856.72000 -50092.06000
-58210.97000 -50092.06000
-57037.92000 -50092.06000
-51097.87000 -50092.06000
-57539.35000 -50092.06000
-56513.66000 -50092.06000
-55704.14000 -50092.06000
-54117.32000 -50092.06000
-56575.39000 -50092.06000
-57810.14000 -50092.06000
-59020.58000 -50092.06000
-54997.73000 -50092.06000
-56652.22000 -50092.06000
-55710.90000 -50092.06000
-57440.93000 -50092.06000
-44497.90000 -41497.14000
-44297.23000 -41497.14000
-44615.81000 -41497.14000
-44798.35000 -41497.14000
-46036.00000 -41497.14000
-44254.26000 -41497.14000
-43908.77000 -41497.14000
-44460.54000 -41497.14000
-42773.49000 -41497.14000
-44270.86000 -41497.14000
-44511.42000 -41497.14000
-44760.22000 -41497.14000
-44862.20000 -41497.14000
-44848.75000 -41497.14000
-44241.98000 -41497.14000
-44451.06000 -41497.14000
-44107.83000 -41497.14000
-45003.11000 -41497.14000
-44793.30000 -41497.14000
-45027.46000 -41497.14000
-44785.71000 -41497.14000
-45167.94000 -41497.14000
-44719.66000 -41497.14000
-44851.66000 -41497.14000
-44920.22000 -41497.14000
-43125.42000 -41497.14000
-45968.41000 -41497.14000
-44640.19000 -41497.14000
-42984.52000 -41497.14000
-42215.63000 -41497.14000
-45766.88000 -41497.14000
-41636.43000 -41497.14000
-44419.38000 -41497.14000
-46355.17000 -41497.14000
-43457.93000 -41497.14000
-44834.17000 -41497.14000
-44427.09000 -41497.14000
-45600.31000 -41497.14000
-43891.66000 -41497.14000
-44307.06000 -41497.14000
-44184.35000 -41497.14000
-43556.97000 -41497.14000
-44112.96000 -41497.14000
-43278.59000 -41497.14000
-44660.62000 -41497.14000
-45529.42000 -41497.14000
-43200.25000 -41497.14000
-44685.62000 -41497.14000
-44306.84000 -41497.14000
-46341.64000 -41497.14000
-43446.82000 -41497.14000
-43976.74000 -41497.14000
-45127.18000 -41497.14000
-44408.64000 -41497.14000
-45728.81000 -41497.14000
-44986.42000 -41497.14000
-45625.45000 -41497.14000
-46294.38000 -41497.14000
-45280.22000 -41497.14000
-44343.99000 -41497.14000
-44460.94000 -41497.14000
-45740.77000 -41497.14000
-45347.29000 -41497.14000
-44448.95000 -41497.14000
-44350.94000 -41497.14000
-45286.29000 -41497.14000
-43127.23000 -41497.14000
-44757.62000 -41497.14000
-45520.69000 -41497.14000
-42775.01000 -41497.14000
-44757.22000 -41497.14000
-43404.38000 -41497.14000
-45015.88000 -41497.14000
-46041.63000 -41497.14000
-45418.71000 -41497.14000
-44534.90000 -41497.14000
-43538.54000 -41497.14000
-44790.90000 -41497.14000
-43956.61000 -41497.14000
-44665.71000 -41497.14000
-44482.22000 -41497.14000
-43339.92000 -41497.14000
-45383.69000 -41497.14000
-45359.95000 -41497.14000
-45304.17000 -41497.14000
-45618.77000 -41497.14000
-44672.49000 -41497.14000
-40828.78000 -40828.78000
-44972.31000 -40828.78000
-40892.61000 -40828.78000
-44016.01000 -40828.78000
-44854.24000 -40828.78000
-40106.05000 -40106.05000
-45019.80000 -40106.05000
-45548.35000 -40106.05000
-43730.70000 -40106.05000
-44587.78000 -40106.05000
-43531.97000 -40106.05000
-42280.98000 -40106.05000
-43629.35000 -40106.05000
-44160.91000 -40106.05000
-45087.84000 -40106.05000
-44356.43000 -40106.05000
-44140.72000 -40106.05000
-43279.18000 -40106.05000
-43915.53000 -40106.05000
-41553.07000 -40106.05000
-42076.62000 -40106.05000
-44744.49000 -40106.05000
-44083.32000 -40106.05000
-40305.42000 -40106.05000
-41849.92000 -40106.05000
-43266.96000 -40106.05000
-43507.10000 -40106.05000
-44712.26000 -40106.05000
-41389.82000 -40106.05000
-44613.10000 -40106.05000
-44718.39000 -40106.05000
-44624.74000 -40106.05000
-44121.82000 -40106.05000
-44305.85000 -40106.05000
-43574.98000 -40106.05000
-44722.90000 -40106.05000
-43347.87000 -40106.05000
-43469.52000 -40106.05000
-43640.75000 -40106.05000
-44165.26000 -40106.05000
-44450.04000 -40106.05000
-45025.70000 -40106.05000
-44294.20000 -40106.05000
-43682.05000 -40106.05000
-43041.61000 -40106.05000
-45691.06000 -40106.05000
-43712.13000 -40106.05000
-44387.04000 -40106.05000
-43660.71000 -40106.05000
-44112.90000 -40106.05000
-43021.74000 -40106.05000
-44766.01000 -40106.05000
-44054.21000 -40106.05000
-43449.62000 -40106.05000
-43442.81000 -40106.05000
-44437.59000 -40106.05000
-42483.68000 -40106.05000
-44011.08000 -40106.05000
-42760.93000 -40106.05000
-45235.44000 -40106.05000
-41984.88000 -40106.05000
-44105.48000 -40106.05000
-42718.98000 -40106.05000
-44314.29000 -40106.05000
-41823.33000 -40106.05000
-40748.88000 -40106.05000
-41535.06000 -40106.05000
-43878.45000 -40106.05000
-43674.49000 -40106.05000
-45191.96000 -40106.05000
-44552.11000 -40106.05000
-43153.07000 -40106.05000
-43760.30000 -40106.05000
-44041.85000 -40106.05000
-45422.28000 -40106.05000
-41918.98000 -40106.05000
-42048.14000 -40106.05000
-41637.38000 -40106.05000
-43796.27000 -40106.05000
-44032.10000 -40106.05000
-40953.57000 -40106.05000
-43368.31000 -40106.05000
-44847.87000 -40106.05000
-44197.78000 -40106.05000
-44972.92000 -40106.05000
-43535.24000 -40106.05000
-40303.89000 -40106.05000
-41509.30000 -40106.05000
-45223.92000 -40106.05000
-41613.43000 -40106.05000
-45245.62000 -40106.05000
-43960.36000 -40106.05000
-44264.31000 -40106.05000
-44289.48000 -40106.05000
-45173.81000 -40106.05000
-43209.90000 -40106.05000
-45704.88000 -40106.05000
-44055.15000 -40106.05000
-43553.81000 -40106.05000
-44625.56000 -40106.05000
-42537.27000 -40106.05000
-43553.03000 -40106.05000
-43913.06000 -40106.05000
-39963.92000 -39963.92000
-44852.57000 -39963.92000
-41241.30000 -39963.92000
-43671.99000 -39963.92000
-42897.83000 -39963.92000
-43513.62000 -39963.92000
-40066.52000 -39963.92000
-42420.71000 -39963.92000
-43579.70000 -39963.92000
-43597.34000 -39963.92000
-43735.57000 -39963.92000
-41006.76000 -39963.92000
-39950.98000 -39950.98000
-40862.24000 -39950.98000
-44582.69000 -39950.98000
-42992.23000 -39950.98000
-45204.54000 -39950.98000
-44199.64000 -39950.98000
-44208.48000 -39950.98000
-43802.76000 -39950.98000
-45242.32000 -39950.98000
-43285.83000 -39950.98000
-42684.59000 -39950.98000
-44835.20000 -39950.98000
-43212.01000 -39950.98000
-43171.19000 -39950.98000
-45772.55000 -39950.98000
-45026.79000 -39950.98000
-44584.23000 -39950.98000
-44787.37000 -39950.98000
-43570.69000 -39950.98000
-44455.32000 -39950.98000
-43086.55000 -39950.98000
-45148.92000 -39950.98000
-43814.70000 -39950.98000
-43882.13000 -39950.98000
-41521.41000 -39950.98000
-42896.75000 -39950.98000
-42934.87000 -39950.98000
-45558.65000 -39950.98000
-43781.13000 -39950.98000
-45869.26000 -39950.98000
-44782.56000 -39950.98000
-45355.77000 -39950.98000
-45215.11000 -39950.98000
-46312.81000 -39950.98000
-39946.73000 -39946.73000
-39299.76000 -39299.76000
-43950.01000 -39299.76000
-42109.29000 -39299.76000
-44438.32000 -39299.76000
-44336.36000 -39299.76000
-42010.54000 -39299.76000
-41146.28000 -39299.76000
-41330.85000 -39299.76000
-42833.01000 -39299.76000
-42865.37000 -39299.76000
-43820.67000 -39299.76000
-39554.60000 -39299.76000
-42752.32000 -39299.76000
-40772.50000 -39299.76000
-42309.43000 -39299.76000
-43761.38000 -39299.76000
-43217.73000 -39299.76000
-44995.30000 -39299.76000
-42632.56000 -39299.76000
-43487.99000 -39299.76000
-44384.51000 -39299.76000
-41867.15000 -39299.76000
-43856.07000 -39299.76000
-41406.18000 -39299.76000
-44454.60000 -39299.76000
-43539.02000 -39299.76000
-42207.32000 -39299.76000
-44451.41000 -39299.76000
-44554.89000 -39299.76000
-43137.03000 -39299.76000
-40901.33000 -39299.76000
-42368.88000 -39299.76000
-43191.67000 -39299.76000
-41616.93000 -39299.76000
-44317.60000 -39299.76000
-41481.03000 -39299.76000
-43368.18000 -39299.76000
-43533.44000 -39299.76000
-42343.77000 -39299.76000
-43329.64000 -39299.76000
-44798.19000 -39299.76000
-43742.64000 -39299.76000
-43804.36000 -39299.76000
-45027.88000 -39299.76000
-41880.49000 -39299.76000
-44014.78000 -39299.76000
-42616.67000 -39299.76000
-44537.53000 -39299.76000
-43682.21000 -39299.76000
-44572.51000 -39299.76000
-43998.85000 -39299.76000
-43408.11000 -39299.76000
-44023.79000 -39299.76000
-42660.74000 -39299.76000
-41418.40000 -39299.76000
-44861.38000 -39299.76000
-44149.65000 -39299.76000
-44418.86000 -39299.76000
-44258.69000 -39299.76000
-42847.73000 -39299.76000
-41421.10000 -39299.76000
-40226.58000 -39299.76000
-44595.44000 -39299.76000
-43265.75000 -39299.76000
-42595.38000 -39299.76000
-42571.80000 -39299.76000
-43837.03000 -39299.76000
-42616.04000 -39299.76000
-44499.73000 -39299.76000
-43705.07000 -39299.76000
-44448.51000 -39299.76000
-42877.53000 -39299.76000
-44570.22000 -39299.76000
-44576.26000 -39299.76000
-43946.72000 -39299.76000
-43362.17000 -39299.76000
-44586.72000 -39299.76000
-44226.02000 -39299.76000
-41701.65000 -39299.76000
-39893.37000 -39299.76000
-43065.25000 -39299.76000
-44274.45000 -39299.76000
-42921.74000 -39299.76000
-39602.80000 -39299.76000
-40601.54000 -39299.76000
-44341.50000 -39299.76000
-41818.03000 -39299.76000
-41064.07000 -39299.76000
-43666.82000 -39299.76000
-40831.48000 -39299.76000
-41860.00000 -39299.76000
-44429.04000 -39299.76000
-43639.73000 -39299.76000
-44867.49000 -39299.76000
-43794.01000 -39299.76000
-43209.26000 -39299.76000
-40970.82000 -39299.76000
-40962.51000 -39299.76000
-42462.57000 -39299.76000
-44440.38000 -39299.76000
-44555.77000 -39299.76000
-42244.55000 -39299.76000
-45607.10000 -39299.76000
-44185.65000 -39299.76000
-43513.58000 -39299.76000
-44543.81000 -39299.76000
-40948.56000 -39299.76000
-44302.28000 -39299.76000
-42456.36000 -39299.76000
-43857.50000 -39299.76000
-43909.81000 -39299.76000
-43841.29000 -39299.76000
-41314.77000 -39299.76000
-42691.52000 -39299.76000
-44024.50000 -39299.76000
-45025.28000 -39299.76000
-42154.69000 -39299.76000
-44948.24000 -39299.76000
-43573.02000 -39299.76000
-44741.91000 -39299.76000
-43871.15000 -39299.76000
-40895.07000 -39299.76000
-39446.85000 -39299.76000
-40806.12000 -39299.76000
-42746.53000 -39299.76000
-44667.36000 -39299.76000
-44506.45000 -39299.76000
-42988.81000 -39299.76000
-43859.97000 -39299.76000
-44126.84000 -39299.76000
-40359.05000 -39299.76000
-44840.45000 -39299.76000
-42509.26000 -39299.76000
-41408.18000 -39299.76000
-44284.34000 -39299.76000
-43546.84000 -39299.76000
-45464.01000 -39299.76000
-38637.58000 -38637.58000
-34260.30000 -31223.82000
-33303.84000 -31223.82000
-33496.55000 -31223.82000
-34744.01000 -31223.82000
-34784.70000 -31223.82000
-35009.26000 -31223.82000
-33278.94000 -31223.82000
-34932.30000 -31223.82000
-34136.39000 -31223.82000
-33450.08000 -31223.82000
-34532.25000 -31223.82000
-34090.00000 -31223.82000
-35166.13000 -31223.82000
-32763.77000 -31223.82000
-34386.26000 -31223.82000
-32498.37000 -31223.82000
-34644.97000 -31223.82000
-35210.91000 -31223.82000
-34619.93000 -31223.82000
-33325.21000 -31223.82000
-33721.42000 -31223.82000
-34825.27000 -31223.82000
-34192.34000 -31223.82000
-30771.37000 -30771.37000
-33808.57000 -30771.37000
-33170.62000 -30771.37000
-34898.55000 -30771.37000
-33061.85000 -30771.37000
-34325.76000 -30771.37000
-33730.46000 -30771.37000
-34107.04000 -30771.37000
-31877.98000 -30771.37000
-33498.46000 -30771.37000
-33904.32000 -30771.37000
-35209.11000 -30771.37000
-34098.69000 -30771.37000
-33656.22000 -30771.37000
-33897.44000 -30771.37000
-34402.38000 -30771.37000
-34768.90000 -30771.37000
-33379.14000 -30771.37000
-35297.28000 -30771.37000
-33670.53000 -30771.37000
-34276.29000 -30771.37000
-34474.89000 -30771.37000
-34202.53000 -30771.37000
-34606.48000 -30771.37000
-29488.74000 -29488.74000
-34146.93000 -29488.74000
-33264.04000 -29488.74000
-34121.56000 -29488.74000
-33807.74000 -29488.74000
-33889.00000 -29488.74000
-34182.39000 -29488.74000
-33230.49000 -29488.74000
-33533.87000 -29488.74000
-34571.46000 -29488.74000
-35040.85000 -29488.74000
-33451.76000 -29488.74000
-33529.00000 -29488.74000
-34420.94000 -29488.74000
-34204.59000 -29488.74000
-33489.88000 -29488.74000
-33250.06000 -29488.74000
-34190.54000 -29488.74000
-34644.01000 -29488.74000
-33400.91000 -29488.74000
-34345.44000 -29488.74000
-33311.18000 -29488.74000
-34399.25000 -29488.74000
-31465.65000 -29488.74000
-33502.99000 -29488.74000
-32897.65000 -29488.74000
-33916.24000 -29488.74000
-34187.72000 -29488.74000
-34029.24000 -29488.74000
-33015.99000 -29488.74000
-33958.17000 -29488.74000
-34083.00000 -29488.74000
-33760.86000 -29488.74000
-32039.86000 -29488.74000
-32509.75000 -29488.74000
-31821.96000 -29488.74000
-34244.27000 -29488.74000
-33660.53000 -29488.74000
-33780.80000 -29488.74000
-34769.63000 -29488.74000
-32676.63000 -29488.74000
-32476.62000 -29488.74000
-32910.70000 -29488.74000
-33181.59000 -29488.74000
-34243.84000 -29488.74000
-34843.25000 -29488.74000
-33029.02000 -29488.74000
-33514.15000 -29488.74000
-34948.52000 -29488.74000
-33548.19000 -29488.74000
-34401.74000 -29488.74000
-34305.00000 -29488.74000
-33591.09000 -29488.74000
-32666.18000 -29488.74000
-32036.37000 -29488.74000
-33942.24000 -29488.74000
-34070.50000 -29488.74000
-31077.47000 -29488.74000
-33715.56000 -29488.74000
-34097.61000 -29488.74000
-31451.18000 -29488.74000
-34681.50000 -29488.74000
-33711.99000 -29488.74000
-34082.45000 -29488.74000
-34594.67000 -29488.74000
-35218.42000 -29488.74000
-34342.11000 -29488.74000
-34448.76000 -29488.74000
-32961.10000 -29488.74000
-34536.07000 -29488.74000
-32388.31000 -29488.74000
-31754.61000 -29488.74000
-34706.41000 -29488.74000
-32168.16000 -29488.74000
-34471.16000 -29488.74000
-34295.89000 -29488.74000
-34418.29000 -29488.74000
-29107.38000 -29107.38000
-34939.82000 -29107.38000
-30637.56000 -29107.38000
-33746.59000 -29107.38000
-32283.99000 -29107.38000
-34776.81000 -29107.38000
-32743.43000 -29107.38000
-30398.64000 -29107.38000
-31737.17000 -29107.38000
-33743.29000 -29107.38000
-34267.61000 -29107.38000
-34054.30000 -29107.38000
-34928.74000 -29107.38000
-34456.36000 -29107.38000
-33894.81000 -29107.38000
-34036.86000 -29107.38000
-34742.08000 -29107.38000
-34273.45000 -29107.38000
-30198.19000 -29107.38000
-34782.40000 -29107.38000
-31791.02000 -29107.38000
-34516.97000 -29107.38000
-34131.24000 -29107.38000
-34145.65000 -29107.38000
-32168.34000 -29107.38000
-34705.92000 -29107.38000
-34069.32000 -29107.38000
-34440.00000 -29107.38000
-33503.43000 -29107.38000
-33417.36000 -29107.38000
-34496.68000 -29107.38000
-32271.33000 -29107.38000
-34151.57000 -29107.38000
-34660.87000 -29107.38000
-34149.40000 -29107.38000
-34374.81000 -29107.38000
-33239.72000 -29107.38000
-34478.52000 -29107.38000
-34138.38000 -29107.38000
-32589.11000 -29107.38000
-34705.24000 -29107.38000
-34353.89000 -29107.38000
-34914.93000 -29107.38000
-34079.34000 -29107.38000
-35400.00000 -29107.38000
-31589.15000 -29107.38000
-30213.01000 -29107.38000
-33761.17000 -29107.38000
-33321.44000 -29107.38000
-33895.70000 -29107.38000
-33666.46000 -29107.38000
-34420.50000 -29107.38000
-32574.75000 -29107.38000
-34440.40000 -29107.38000
-33954.00000 -29107.38000
-33828.55000 -29107.38000
-34182.12000 -29107.38000
-32686.80000 -29107.38000
-34471.35000 -29107.38000
-34069.36000 -29107.38000
-34788.71000 -29107.38000
-34383.04000 -29107.38000
-35024.33000 -29107.38000
-34835.18000 -29107.38000
-33801.31000 -29107.38000
-33672.85000 -29107.38000
-34484.75000 -29107.38000
-35014.44000 -29107.38000
-33932.19000 -29107.38000
-33698.49000 -29107.38000
-33300.67000 -29107.38000
-33534.59000 -29107.38000
-33679.35000 -29107.38000
-34073.37000 -29107.38000
-34828.52000 -29107.38000
-34552.12000 -29107.38000
-31857.88000 -29107.38000
-33672.49000 -29107.38000
-34370.36000 -29107.38000
-32479.86000 -29107.38000
-34030.07000 -29107.38000
-31511.05000 -29107.38000
-34547.10000 -29107.38000
-33265.82000 -29107.38000
-30078.27000 -29107.38000
-35295.66000 -29107.38000
-32723.60000 -29107.38000
-33968.02000 -29107.38000
-34297.29000 -29107.38000
-34689.08000 -29107.38000
-34352.61000 -29107.38000
-34287.37000 -29107.38000
-34721.35000 -29107.38000
-33490.00000 -29107.38000
-34708.41000 -29107.38000
-34939.73000 -29107.38000
-34555.84000 -29107.38000
-32799.12000 -29107.38000
-32648.76000 -29107.38000
-34202.14000 -29107.38000
-34829.76000 -29107.38000
-34060.03000 -29107.38000
-33898.22000 -29107.38000
-34380.93000 -29107.38000
-33410.50000 -29107.38000
-34346.76000 -29107.38000
-34960.95000 -29107.38000
-33704.04000 -29107.38000
-34313.58000 -29107.38000
-34080.26000 -29107.38000
-33448.53000 -29107.38000
-34575.89000 -29107.38000
-33895.28000 -29107.38000
-32795.96000 -29107.38000
-34427.04000 -29107.38000
-32486.17000 -29107.38000
-32029.55000 -29107.38000
-34399.69000 -29107.38000
-33392.42000 -29107.38000
-34396.82000 -29107.38000
-34257.06000 -29107.38000
-33927.24000 -29107.38000
-34663.37000 -29107.38000
-33852.99000 -29107.38000
-33223.08000 -29107.38000
-34020.22000 -29107.38000
-31398.99000 -29107.38000
-32839.50000 -29107.38000
-32645.22000 -29107.38000
-33748.24000 -29107.38000
-34647.35000 -29107.38000
-34560.57000 -29107.38000
-33849.87000 -29107.38000
-33521.92000 -29107.38000
-34871.93000 -29107.38000
-34949.38000 -29107.38000
-29895.03000 -29107.38000
-34966.19000 -29107.38000
-32685.17000 -29107.38000
-33681.63000 -29107.38000
-31196.49000 -29107.38000
-33044.09000 -29107.38000
-34697.67000 -29107.38000
-34670.75000 -29107.38000
-34158.48000 -29107.38000
-34024.15000 -29107.38000
-34644.54000 -29107.38000
-33858.63000 -29107.38000
-35532.33000 -29107.38000
-34107.26000 -29107.38000
-33084.88000 -29107.38000
-34518.96000 -29107.38000
-30442.79000 -29107.38000
-34444.89000 -29107.38000
-34232.58000 -29107.38000
-32966.00000 -29107.38000
-34595.09000 -29107.38000
-33752.12000 -29107.38000
-34521.00000 -29107.38000
-33824.03000 -29107.38000
-33638.18000 -29107.38000
-31339.00000 -29107.38000
-34275.65000 -29107.38000
-34372.26000 -29107.38000
-32387.01000 -29107.38000
-34834.10000 -29107.38000
-33931.83000 -29107.38000
-32206.69000 -29107.38000
-33868.69000 -29107.38000
-33331.34000 -29107.38000
-33571.27000 -29107.38000
-33160.87000 -29107.38000
-34682.89000 -29107.38000
-35463.32000 -29107.38000
-33745.73000 -29107.38000
-35038.02000 -29107.38000
-31393.48000 -29107.38000
-33316.52000 -29107.38000
-34734.30000 -29107.38000
-34136.21000 -29107.38000
-34550.21000 -29107.38000
-34808.73000 -29107.38000
-34275.67000 -29107.38000
-35022.58000 -29107.38000
-31931.21000 -29107.38000
-33819.07000 -29107.38000
-31763.78000 -29107.38000
-34425.75000 -29107.38000
-34565.17000 -29107.38000
-31183.50000 -29107.38000
-34782.84000 -29107.38000
-33034.46000 -29107.38000
-34515.68000 -29107.38000
-33771.33000 -29107.38000
-34252.39000 -29107.38000
-33297.23000 -29107.38000
-33781.05000 -29107.38000
-29037.03000 -29037.03000
-34005.34000 -29037.03000
-32873.08000 -29037.03000
-30865.10000 -29037.03000
-33861.90000 -29037.03000
-32293.11000 -29037.03000
-35077.13000 -29037.03000
-34427.97000 -29037.03000
-31035.61000 -29037.03000
-33118.93000 -29037.03000
-32866.75000 -29037.03000
-34447.39000 -29037.03000
-33813.51000 -29037.03000
-31516.50000 -29037.03000
-32924.24000 -29037.03000
-32492.47000 -29037.03000
-34701.72000 -29037.03000
-35572.15000 -29037.03000
-33860.47000 -29037.03000
-34743.69000 -29037.03000
-33611.44000 -29037.03000
-33839.07000 -29037.03000
-34259.22000 -29037.03000
-30421.35000 -29037.03000
-33833.01000 -29037.03000
-34923.76000 -29037.03000
-34217.70000 -29037.03000
-33358.27000 -29037.03000
-33379.04000 -29037.03000
-34406.11000 -29037.03000
-34159.46000 -29037.03000
-33641.29000 -29037.03000
-35077.88000 -29037.03000
-34264.20000 -29037.03000
-33860.35000 -29037.03000
-33456.97000 -29037.03000
-34558.30000 -29037.03000
-34641.77000 -29037.03000
-32829.68000 -29037.03000
-34378.01000 -29037.03000
-34274.84000 -29037.03000
-33928.72000 -29037.03000
-34420.53000 -29037.03000
-35102.08000 -29037.03000
-33285.65000 -29037.03000
-31647.20000 -29037.03000
-34604.35000 -29037.03000
-33502.48000 -29037.03000
-32296.42000 -29037.03000
-33321.12000 -29037.03000
-34304.89000 -29037.03000
-33033.82000 -29037.03000
-34066.50000 -29037.03000
-31479.46000 -29037.03000
-27157.67000 -25095.19000
-26875.14000 -25095.19000
-25012.06000 -25012.06000
-26890.54000 -25012.06000
-27442.16000 -25012.06000
-26835.50000 -25012.06000
-26961.62000 -25012.06000
-27060.41000 -25012.06000
-27441.71000 -25012.06000
-27211.80000 -25012.06000
-26500.94000 -25012.06000
-27110.98000 -25012.06000
-26709.02000 -25012.06000
-26535.14000 -25012.06000
-25081.96000 -25012.06000
-25332.03000 -25012.06000
-26030.92000 -25012.06000
-26091.90000 -25012.06000
-26922.96000 -25012.06000
-26991.60000 -25012.06000
-26725.47000 -25012.06000
-25885.05000 -25012.06000
-25121.71000 -25012.06000
-27057.72000 -25012.06000
-26765.85000 -25012.06000
-26741.23000 -25012.06000
-26849.46000 -25012.06000
-24813.69000 -24813.69000
-27263.72000 -24813.69000
-26932.09000 -24813.69000
-25488.45000 -24813.69000
-26267.64000 -24813.69000
-25418.80000 -24813.69000
-26720.38000 -24813.69000
-27400.70000 -24813.69000
-26559.55000 -24813.69000
-26995.06000 -24813.69000
-26796.65000 -24813.69000
-26925.56000 -24813.69000
-25788.19000 -24813.69000
-26238.68000 -24813.69000
-26877.59000 -24813.69000
-26411.68000 -24813.69000
-26337.65000 -24813.69000
-26774.38000 -24813.69000
-26960.63000 -24813.69000
-26976.50000 -24813.69000
-26416.41000 -24813.69000
-25052.38000 -24813.69000
-26030.98000 -24813.69000
-26369.84000 -24813.69000
-25985.92000 -24813.69000
-27391.01000 -24813.69000
-25760.37000 -24813.69000
-26888.59000 -24813.69000
-25591.47000 -24813.69000
-25902.40000 -24813.69000
-25910.29000 -24813.69000
-25473.09000 -24813.69000
-26294.91000 -24813.69000
-26569.09000 -24813.69000
-26131.49000 -24813.69000
-25578.55000 -24813.69000
-26365.36000 -24813.69000
-25235.60000 -24813.69000
-26760.88000 -24813.69000
-26812.28000 -24813.69000
-25870.15000 -24813.69000
-27196.86000 -24813.69000
-24997.24000 -24813.69000
-27378.92000 -24813.69000
-26634.18000 -24813.69000
-26528.47000 -24813.69000
-23989.94000 -23989.94000
-26564.96000 -23989.94000
-25203.77000 -23989.94000
-26701.29000 -23989.94000
-26257.77000 -23989.94000
-26364.21000 -23989.94000
-26327.24000 -23989.94000
-27191.32000 -23989.94000
-25652.20000 -23989.94000
-26666.22000 -23989.94000
-26407.91000 -23989.94000
-26250.37000 -23989.94000
-26849.99000 -23989.94000
-25777.56000 -23989.94000
-26078.22000 -23989.94000
-27810.10000 -23989.94000
-27020.44000 -23989.94000
-26916.34000 -23989.94000
-26616.74000 -23989.94000
-25228.39000 -23989.94000
-26074.46000 -23989.94000
-25539.16000 -23989.94000
-26754.53000 -23989.94000
-26617.57000 -23989.94000
-26159.18000 -23989.94000
-25048.66000 -23989.94000
-25500.48000 -23989.94000
-25556.75000 -23989.94000
-24941.80000 -23989.94000
-27335.15000 -23989.94000
-27098.25000 -23989.94000
-26913.93000 -23989.94000
-26860.15000 -23989.94000
-26563.72000 -23989.94000
-26427.25000 -23989.94000
-27047.95000 -23989.94000
-26398.94000 -23989.94000
-25993.59000 -23989.94000
-26840.41000 -23989.94000
-26740.35000 -23989.94000
-26558.10000 -23989.94000
-25529.09000 -23989.94000
-25565.02000 -23989.94000
-25226.82000 -23989.94000
-26734.14000 -23989.94000
-25820.01000 -23989.94000
-26956.27000 -23989.94000
-25857.60000 -23989.94000
-27029.95000 -23989.94000
-25090.66000 -23989.94000
-26548.55000 -23989.94000
-26714.08000 -23989.94000
-27043.11000 -23989.94000
-25142.79000 -23989.94000
-26847.81000 -23989.94000
-27188.97000 -23989.94000
-26695.44000 -23989.94000
-27108.00000 -23989.94000
-27618.56000 -23989.94000
-25355.56000 -23989.94000
-25787.96000 -23989.94000
-26413.19000 -23989.94000
-25973.29000 -23989.94000
-26768.01000 -23989.94000
-25896.83000 -23989.94000
-25267.54000 -23989.94000
-24761.85000 -23989.94000
-25420.68000 -23989.94000
-26708.61000 -23989.94000
-26748.36000 -23989.94000
-26671.60000 -23989.94000
-26911.42000 -23989.94000
-26878.88000 -23989.94000
-25314.75000 -23989.94000
-26645.95000 -23989.94000
-25224.63000 -23989.94000
-26322.65000 -23989.94000
-26729.30000 -23989.94000
-26999.00000 -23989.94000
-26873.97000 -23989.94000
-25358.97000 -23989.94000
-26575.91000 -23989.94000
-26755.50000 -23989.94000
-26556.54000 -23989.94000
-25538.36000 -23989.94000
-27025.55000 -23989.94000
-25785.71000 -23989.94000
-25620.55000 -23989.94000
-26065.39000 -23989.94000
-26553.79000 -23989.94000
-26569.71000 -23989.94000
-26547.72000 -23989.94000
-27415.51000 -23989.94000
-22957.30000 -22957.30000
-26457.51000 -22957.30000
-25990.74000 -22957.30000
-23172.53000 -22957.30000
-24641.36000 -22957.30000
-24713.61000 -22957.30000
-25539.01000 -22957.30000
-25208.50000 -22957.30000
-26977.93000 -22957.30000
-26403.95000 -22957.30000
-26247.12000 -22957.30000
-27161.50000 -22957.30000
-25621.78000 -22957.30000
-26401.30000 -22957.30000
-26455.80000 -22957.30000
-26385.70000 -22957.30000
-25413.40000 -22957.30000
-26415.06000 -22957.30000
-26722.93000 -22957.30000
-26013.15000 -22957.30000
-26396.61000 -22957.30000
-26358.64000 -22957.30000
-24667.73000 -22957.30000
-26059.46000 -22957.30000
-26774.10000 -22957.30000
-25744.15000 -22957.30000
-27206.45000 -22957.30000
-24476.35000 -22957.30000
-25384.25000 -22957.30000
-25652.68000 -22957.30000
-27261.21000 -22957.30000
-26774.96000 -22957.30000
-26033.12000 -22957.30000
-26104.49000 -22957.30000
-26631.00000 -22957.30000
-24671.91000 -22957.30000
-25821.08000 -22957.30000
-26135.14000 -22957.30000
-26110.72000 -22957.30000
-25886.98000 -22957.30000
-26699.21000 -22957.30000
-25801.17000 -22957.30000
-26567.28000 -22957.30000
-26455.08000 -22957.30000
-24464.67000 -22957.30000
-26322.79000 -22957.30000
-26139.98000 -22957.30000
-25852.88000 -22957.30000
-26513.02000 -22957.30000
-26535.78000 -22957.30000
-26874.56000 -22957.30000
-26982.90000 -22957.30000
-25807.95000 -22957.30000
-26499.26000 -22957.30000
-26845.38000 -22957.30000
-22959.47000 -22957.30000
-26493.64000 -22957.30000
-26130.41000 -22957.30000
-26557.49000 -22957.30000
-23824.01000 -22957.30000
-25083.46000 -22957.30000
-26785.32000 -22957.30000
-25808.10000 -22957.30000
-25607.72000 -22957.30000
-26530.83000 -22957.30000
-25609.42000 -22957.30000
-26653.71000 -22957.30000
-23659.68000 -22957.30000
-26319.28000 -22957.30000
-26617.39000 -22957.30000
-26819.59000 -22957.30000
-24465.51000 -22957.30000
-26525.71000 -22957.30000
-26710.20000 -22957.30000
-26891.54000 -22957.30000
-26616.34000 -22957.30000
-24401.09000 -22957.30000
-25764.78000 -22957.30000
-25082.38000 -22957.30000
-26600.59000 -22957.30000
-26690.33000 -22957.30000
-25550.28000 -22957.30000
-24752.82000 -22957.30000
-26868.18000 -22957.30000
-26947.47000 -22957.30000
-24601.26000 -22957.30000
-26451.78000 -22957.30000
-26006.12000 -22957.30000
-25164.56000 -22957.30000
-26387.18000 -22957.30000
-26984.15000 -22957.30000
-26628.94000 -22957.30000
-26022.86000 -22957.30000
-25963.08000 -22957.30000
-26075.33000 -22957.30000
-25087.47000 -22957.30000
-25808.13000 -22957.30000
-27193.90000 -22957.30000
-26508.13000 -22957.30000
-26222.74000 -22957.30000
-25768.95000 -22957.30000
-26629.16000 -22957.30000
-27082.44000 -22957.30000
-26527.96000 -22957.30000
-25930.13000 -22957.30000
-26015.88000 -22957.30000
-26360.98000 -22957.30000
-24337.52000 -22957.30000
-27003.53000 -22957.30000
-27219.95000 -22957.30000
-25683.94000 -22957.30000
-24707.47000 -22957.30000
-26278.07000 -22957.30000
-26301.91000 -22957.30000
-27188.61000 -22957.30000
-26225.01000 -22957.30000
-24563.76000 -22957.30000
-23437.26000 -22957.30000
-27171.75000 -22957.30000
-26563.10000 -22957.30000
-24873.35000 -22957.30000
-25730.26000 -22957.30000
-25943.10000 -22957.30000
-25575.04000 -22957.30000
-25393.49000 -22957.30000
-26875.27000 -22957.30000
-26218.89000 -22957.30000
-26339.21000 -22957.30000
-26292.22000 -22957.30000
-26612.38000 -22957.30000
-25239.63000 -22957.30000
-26417.57000 -22957.30000
-26331.93000 -22957.30000
-26813.00000 -22957.30000
-27309.30000 -22957.30000
-25500.20000 -22957.30000
-26797.97000 -22957.30000
-26829.23000 -22957.30000
-26427.88000 -22957.30000
-25370.96000 -22957.30000
-26495.37000 -22957.30000
-26846.13000 -22957.30000
-26575.88000 -22957.30000
-26014.28000 -22957.30000
-25271.29000 -22957.30000
-25961.72000 -22957.30000
-26229.38000 -22957.30000
-26556.75000 -22957.30000
-27077.13000 -22957.30000
-25021.37000 -22957.30000
-25569.27000 -22957.30000
-26395.98000 -22957.30000
-26384.26000 -22957.30000
-26490.37000 -22957.30000
-26247.81000 -22957.30000
-26750.31000 -22957.30000
-27122.25000 -22957.30000
-27033.39000 -22957.30000
-26343.50000 -22957.30000
-26572.20000 -22957.30000
-26522.75000 -22957.30000
-26016.45000 -22957.30000
-25605.34000 -22957.30000
-26074.69000 -22957.30000
-26522.44000 -22957.30000
-24677.32000 -22957.30000
-26427.02000 -22957.30000
-26181.41000 -22957.30000
-26274.37000 -22957.30000
-26130.24000 -22957.30000
-25880.99000 -22957.30000
-26741.78000 -22957.30000
-26989.14000 -22957.30000
-24328.75000 -22957.30000
-25762.41000 -22957.30000
-25491.93000 -22957.30000
-26516.44000 -22957.30000
-26812.13000 -22957.30000
-25763.28000 -22957.30000
-23012.01000 -22957.30000
-25848.28000 -22957.30000
-26580.88000 -22957.30000
-26814.70000 -22957.30000
-26425.99000 -22957.30000
-27004.37000 -22957.30000
-25775.86000 -22957.30000
-26672.11000 -22957.30000
-26154.88000 -22957.30000
-24961.70000 -22957.30000
-24857.67000 -22957.30000
-26768.12000 -22957.30000
-24550.25000 -22957.30000
-28078.56000 -22957.30000
-26383.52000 -22957.30000
-26502.23000 -22957.30000
-24066.87000 -22957.30000
-26705.69000 -22957.30000
-26700.81000 -22957.30000
-26419.34000 -22957.30000
-25970.13000 -22957.30000
-26596.16000 -22957.30000
-24776.45000 -22957.30000
-26314.47000 -22957.30000
-26871.28000 -22957.30000
-26982.74000 -22957.30000
-26986.83000 -22957.30000
-26209.60000 -22957.30000
-25029.97000 -22957.30000
-25640.44000 -22957.30000
-18555.51000 -17395.96000
-20681.65000 -17395.96000
-19836.09000 -17395.96000
-18930.07000 -17395.96000
-20656.62000 -17395.96000
-21173.42000 -17395.96000
-20228.78000 -17395.96000
-20437.90000 -17395.96000
-20254.47000 -17395.96000
-19196.39000 -17395.96000
-20081.47000 -17395.96000
-20125.34000 -17395.96000
-19772.28000 -17395.96000
-19959.81000 -17395.96000
-20772.61000 -17395.96000
-19199.01000 -17395.96000
-19632.31000 -17395.96000
-19034.43000 -17395.96000
-18723.76000 -17395.96000
-20512.43000 -17395.96000
-20474.26000 -17395.96000
-20460.22000 -17395.96000
-19767.03000 -17395.96000
-20177.17000 -17395.96000
-20698.55000 -17395.96000
-19660.15000 -17395.96000
-20541.80000 -17395.96000
-20067.98000 -17395.96000
-20248.45000 -17395.96000
-20967.58000 -17395.96000
-20349.99000 -17395.96000
-20590.92000 -17395.96000
-18559.73000 -17395.96000
-20936.79000 -17395.96000
-20933.92000 -17395.96000
-20463.03000 -17395.96000
-20089.22000 -17395.96000
-20620.88000 -17395.96000
-19218.01000 -17395.96000
-20184.60000 -17395.96000
-19419.28000 -17395.96000
-19548.14000 -17395.96000
-20354.50000 -17395.96000
-19354.84000 -17395.96000
-20082.95000 -17395.96000
-19230.11000 -17395.96000
-19531.06000 -17395.96000
-20482.45000 -17395.96000
-21088.46000 -17395.96000
-20379.27000 -17395.96000
-21033.51000 -17395.96000
-20031.00000 -17395.96000
-19438.31000 -17395.96000
-20615.95000 -17395.96000
-20816.00000 -17395.96000
-19003.82000 -17395.96000
-19580.99000 -17395.96000
-19848.23000 -17395.96000
-20082.17000 -17395.96000
-20592.26000 -17395.96000
-20775.71000 -17395.96000
-19442.65000 -17395.96000
-19490.15000 -17395.96000
-19937.20000 -17395.96000
-20388.88000 -17395.96000
-19732.30000 -17395.96000
-21114.48000 -17395.96000
-20950.17000 -17395.96000
-20647.22000 -17395.96000
-20625.37000 -17395.96000
-20008.56000 -17395.96000
-20551.41000 -17395.96000
-19843.02000 -17395.96000
-20545.82000 -17395.96000
-19660.98000 -17395.96000
-19666.57000 -17395.96000
-20496.77000 -17395.96000
-19682.76000 -17395.96000
-20753.41000 -17395.96000
-20845.52000 -17395.96000
-19852.07000 -17395.96000
-18803.02000 -17395.96000
-20327.92000 -17395.96000
-19048.19000 -17395.96000
-20248.25000 -17395.96000
-20402.86000 -17395.96000
-20660.89000 -17395.96000
-20309.41000 -17395.96000
-20347.61000 -17395.96000
-18898.64000 -17395.96000
-19085.65000 -17395.96000
-20793.36000 -17395.96000
-20852.01000 -17395.96000
-19187.96000 -17395.96000
-20664.74000 -17395.96000
-20212.12000 -17395.96000
-20482.12000 -17395.96000
-19146.23000 -17395.96000
-19175.54000 -17395.96000
-18931.60000 -17395.96000
-20569.49000 -17395.96000
-20758.13000 -17395.96000
-20465.32000 -17395.96000
-20796.89000 -17395.96000
-20146.34000 -17395.96000
-20625.72000 -17395.96000
-20445.25000 -17395.96000
-20347.19000 -17395.96000
-19191.00000 -17395.96000
-20447.92000 -17395.96000
-19596.25000 -17395.96000
-19344.88000 -17395.96000
-18728.32000 -17395.96000
-19815.95000 -17395.96000
-20158.79000 -17395.96000
-19702.80000 -17395.96000
-20181.65000 -17395.96000
-20178.22000 -17395.96000
-20049.15000 -17395.96000
-20281.08000 -17395.96000
-18901.17000 -17395.96000
-19852.39000 -17395.96000
-20078.99000 -17395.96000
-19611.75000 -17395.96000
-19514.78000 -17395.96000
-20826.38000 -17395.96000
-20487.53000 -17395.96000
-20497.69000 -17395.96000
-19713.48000 -17395.96000
-19037.31000 -17395.96000
-20642.20000 -17395.96000
-18789.74000 -17395.96000
-19018.57000 -17395.96000
-20683.56000 -17395.96000
-17684.36000 -17395.96000
-20511.58000 -17395.96000
-20435.90000 -17395.96000
-19999.05000 -17395.96000
-20614.60000 -17395.96000
-20616.81000 -17395.96000
-19959.16000 -17395.96000
-20502.11000 -17395.96000
-19947.57000 -17395.96000
-20082.71000 -17395.96000
-20665.08000 -17395.96000
-20609.83000 -17395.96000
-19351.83000 -17395.96000
-21048.81000 -17395.96000
-19882.59000 -17395.96000
-20565.90000 -17395.96000
-20016.02000 -17395.96000
-19629.04000 -17395.96000
-19933.58000 -17395.96000
-20710.98000 -17395.96000
-18629.88000 -17395.96000
-20311.38000 -17395.96000
-20281.80000 -17395.96000
-19686.17000 -17395.96000
-18891.47000 -17395.96000
-18847.35000 -17395.96000
-19928.06000 -17395.96000
-20867.62000 -17395.96000
-20148.40000 -17395.96000
-20509.72000 -17395.96000
-19427.27000 -17395.96000
-20440.91000 -17395.96000
-21124.76000 -17395.96000
-20386.47000 -17395.96000
-19900.40000 -17395.96000
-20935.75000 -17395.96000
-20147.97000 -17395.96000
-20262.14000 -17395.96000
-20578.77000 -17395.96000
-20514.89000 -17395.96000
-19928.05000 -17395.96000
-19411.75000 -17395.96000
-18718.36000 -17395.96000
-20812.35000 -17395.96000
-20208.31000 -17395.96000
-20329.94000 -17395.96000
-20327.86000 -17395.96000
-20405.95000 -17395.96000
-20574.73000 -17395.96000
-20380.42000 -17395.96000
-20065.96000 -17395.96000
-20139.49000 -17395.96000
-19300.34000 -17395.96000
-19858.84000 -17395.96000
-19770.56000 -17395.96000
-19805.98000 -17395.96000
-20114.71000 -17395.96000
-20746.61000 -17395.96000
-19620.95000 -17395.96000
-20437.74000 -17395.96000
-19418.58000 -17395.96000
-20040.98000 -17395.96000
-20512.34000 -17395.96000
-19852.30000 -17395.96000
-20571.58000 -17395.96000
-20184.49000 -17395.96000
-18466.92000 -17395.96000
-20310.73000 -17395.96000
-20533.00000 -17395.96000
-20126.51000 -17395.96000
-19957.86000 -17395.96000
-19944.12000 -17395.96000
-20490.04000 -17395.96000
-20064.90000 -17395.96000
-20730.45000 -17395.96000
-19554.04000 -17395.96000
-21103.63000 -17395.96000
-20725.75000 -17395.96000
-20317.28000 -17395.96000
-20596.12000 -17395.96000
-20575.29000 -17395.96000
-20210.79000 -17395.96000
-19657.69000 -17395.96000
-20772.45000 -17395.96000
-20809.56000 -17395.96000
-20273.61000 -17395.96000
-20201.91000 -17395.96000
-20035.96000 -17395.96000
-20390.35000 -17395.96000
-20736.51000 -17395.96000
-20388.41000 -17395.96000
-20327.20000 -17395.96000
-21150.71000 -17395.96000
-20540.35000 -17395.96000
-19477.05000 -17395.96000
-20320.35000 -17395.96000
-20773.12000 -17395.96000
-20349.39000 -17395.96000
-20343.83000 -17395.96000
-18948.74000 -17395.96000
-19300.14000 -17395.96000
-20249.71000 -17395.96000
-20349.34000 -17395.96000
-20322.39000 -17395.96000
-18787.84000 -17395.96000
-19687.54000 -17395.96000
-20158.10000 -17395.96000
-20324.77000 -17395.96000
-20124.92000 -17395.96000
-19700.89000 -17395.96000
-20520.64000 -17395.96000
-20667.34000 -17395.96000
-20608.27000 -17395.96000
-20820.74000 -17395.96000
-19973.17000 -17395.96000
-20872.65000 -17395.96000
-20580.96000 -17395.96000
-19528.40000 -17395.96000
-20708.58000 -17395.96000
-20911.29000 -17395.96000
-20525.32000 -17395.96000
-20426.84000 -17395.96000
-20504.95000 -17395.96000
-18429.83000 -17395.96000
-19659.90000 -17395.96000
-19846.24000 -17395.96000
-20775.10000 -17395.96000
-19288.15000 -17395.96000
-19999.43000 -17395.96000
-18412.19000 -17395.96000
-20242.87000 -17395.96000
-20539.37000 -17395.96000
-20603.68000 -17395.96000
-18789.35000 -17395.96000
-20861.10000 -17395.96000
-20104.33000 -17395.96000
-20396.89000 -17395.96000
-20289.30000 -17395.96000
-20887.06000 -17395.96000
-20445.70000 -17395.96000
-20050.43000 -17395.96000
-20412.30000 -17395.96000
-20356.48000 -17395.96000
-19560.64000 -17395.96000
-20464.96000 -17395.96000
-20388.87000 -17395.96000
-19854.82000 -17395.96000
-20412.22000 -17395.96000
-20814.79000 -17395.96000
-20807.01000 -17395.96000
-19768.68000 -17395.96000
-18886.93000 -17395.96000
-19025.83000 -17395.96000
-20666.10000 -17395.96000
-20839.68000 -17395.96000
-18832.60000 -17395.96000
-20857.83000 -17395.96000
-19847.59000 -17395.96000
-20277.88000 -17395.96000
-19222.44000 -17395.96000
-20240.61000 -17395.96000
-20338.37000 -17395.96000
-20929.30000 -17395.96000
-20363.39000 -17395.96000
-20246.41000 -17395.96000
-19657.55000 -17395.96000
-20214.23000 -17395.96000
-21032.46000 -17395.96000
-20025.73000 -17395.96000
-20450.43000 -17395.96000
-20288.65000 -17395.96000
-19037.60000 -17395.96000
-20011.99000 -17395.96000
-21048.40000 -17395.96000
-20428.26000 -17395.96000
-19020.65000 -17395.96000
-20465.72000 -17395.96000
-19513.83000 -17395.96000
-20338.47000 -17395.96000
-20454.76000 -17395.96000
-20363.71000 -17395.96000
-20662.21000 -17395.96000
-20798.51000 -17395.96000
-19393.91000 -17395.96000
-19047.91000 -17395.96000
-20144.61000 -17395.96000
-20279.91000 -17395.96000
-18158.91000 -17395.96000
-19481.79000 -17395.96000
-20686.47000 -17395.96000
-19516.72000 -17395.96000
-20560.73000 -17395.96000
-20845.23000 -17395.96000
-20855.90000 -17395.96000
-20640.38000 -17395.96000
-20629.04000 -17395.96000
-18688.56000 -17395.96000
-19702.02000 -17395.96000
-19433.69000 -17395.96000
-18424.96000 -17395.96000
-19976.00000 -17395.96000
-20103.97000 -17395.96000
-19526.97000 -17395.96000
-18842.02000 -17395.96000
-20362.89000 -17395.96000
-20745.80000 -17395.96000
-20490.82000 -17395.96000
-20479.59000 -17395.96000
-19232.23000 -17395.96000
-19639.14000 -17395.96000
-17940.52000 -17395.96000
-20672.09000 -17395.96000
-20740.48000 -17395.96000
-19533.61000 -17395.96000
-20769.78000 -17395.96000
-18888.19000 -17395.96000
-20614.34000 -17395.96000
-19621.97000 -17395.96000
-20874.46000 -17395.96000
-18998.60000 -17395.96000
-19612.02000 -17395.96000
-18776.70000 -17395.96000
-19845.77000 -17395.96000
-20152.22000 -17395.96000
-20085.66000 -17395.96000
-20072.16000 -17395.96000
-20129.97000 -17395.96000
-19392.51000 -17395.96000
-19364.67000 -17395.96000
-18289.00000 -17395.96000
-20702.18000 -17395.96000
-18932.17000 -17395.96000
-20606.28000 -17395.96000
-20063.79000 -17395.96000
-20315.82000 -17395.96000
-19956.20000 -17395.96000
-20091.32000 -17395.96000
-17920.01000 -17395.96000
-20973.62000 -17395.96000
-20173.56000 -17395.96000
-20137.65000 -17395.96000
-15969.80000 -14697.46000
-14420.87000 -14420.87000
-15952.88000 -14420.87000
-15727.39000 -14420.87000
-15010.31000 -14420.87000
-16129.17000 -14420.87000
-15492.42000 -14420.87000
-16643.03000 -14420.87000
-15827.50000 -14420.87000
-15305.31000 -14420.87000
-15867.16000 -14420.87000
-15457.52000 -14420.87000
-15855.98000 -14420.87000
-16030.93000 -14420.87000
-15287.22000 -14420.87000
-16305.14000 -14420.87000
-15175.17000 -14420.87000
-15222.38000 -14420.87000
-16001.38000 -14420.87000
-16140.15000 -14420.87000
-15472.34000 -14420.87000
-15624.64000 -14420.87000
-15844.78000 -14420.87000
-14942.58000 -14420.87000
-15523.47000 -14420.87000
-15270.94000 -14420.87000
-15977.32000 -14420.87000
-16029.16000 -14420.87000
-15082.09000 -14420.87000
-16216.94000 -14420.87000
-15557.92000 -14420.87000
-16184.86000 -14420.87000
-15796.28000 -14420.87000
-15504.26000 -14420.87000
-16015.57000 -14420.87000
-16091.41000 -14420.87000
-14972.83000 -14420.87000
-15922.31000 -14420.87000
-16013.29000 -14420.87000
-14564.25000 -14420.87000
-15232.36000 -14420.87000
-16122.24000 -14420.87000
-15776.32000 -14420.87000
-15638.03000 -14420.87000
-15939.02000 -14420.87000
-15966.32000 -14420.87000
-16111.90000 -14420.87000
-16027.51000 -14420.87000
-16480.23000 -14420.87000
-15644.67000 -14420.87000
-15615.61000 -14420.87000
-16436.84000 -14420.87000
-15799.30000 -14420.87000
-16153.70000 -14420.87000
-15966.50000 -14420.87000
-15082.60000 -14420.87000
-15932.88000 -14420.87000
-16297.92000 -14420.87000
-15946.49000 -14420.87000
-16032.44000 -14420.87000
-15725.35000 -14420.87000
-15706.72000 -14420.87000
-15623.16000 -14420.87000
-15844.57000 -14420.87000
-15896.45000 -14420.87000
-16159.24000 -14420.87000
-15120.19000 -14420.87000
-16186.17000 -14420.87000
-16070.58000 -14420.87000
-16174.60000 -14420.87000
-15482.45000 -14420.87000
-15245.93000 -14420.87000
-16076.91000 -14420.87000
-14918.59000 -14420.87000
-15709.27000 -14420.87000
-15932.68000 -14420.87000
-15509.42000 -14420.87000
-15923.93000 -14420.87000
-16167.52000 -14420.87000
-16413.70000 -14420.87000
-16237.28000 -14420.87000
-15863.21000 -14420.87000
-15670.90000 -14420.87000
-14787.98000 -14420.87000
-15901.35000 -14420.87000
-15948.98000 -14420.87000
-15735.92000 -14420.87000
-15921.87000 -14420.87000
-15934.76000 -14420.87000
-15964.78000 -14420.87000
-15163.76000 -14420.87000
-16128.83000 -14420.87000
-15939.87000 -14420.87000
-15577.01000 -14420.87000
-15922.51000 -14420.87000
-15912.48000 -14420.87000
-14602.09000 -14420.87000
-15078.41000 -14420.87000
-14733.07000 -14420.87000
-15891.30000 -14420.87000
-15845.78000 -14420.87000
-15191.44000 -14420.87000
-15537.04000 -14420.87000
-14596.60000 -14420.87000
-15612.01000 -14420.87000
-15980.77000 -14420.87000
-16039.10000 -14420.87000
-15614.37000 -14420.87000
-15829.35000 -14420.87000
-15809.39000 -14420.87000
-16103.35000 -14420.87000
-15902.43000 -14420.87000
-15806.79000 -14420.87000
-15417.76000 -14420.87000
-15679.42000 -14420.87000
-13508.77000 -13508.77000
-15371.49000 -13508.77000
-15751.52000 -13508.77000
-15942.74000 -13508.77000
-15654.11000 -13508.77000
-15356.34000 -13508.77000
-15487.61000 -13508.77000
-16079.96000 -13508.77000
-15735.55000 -13508.77000
-15690.95000 -13508.77000
-15606.42000 -13508.77000
-15100.41000 -13508.77000
-15642.86000 -13508.77000
-15174.27000 -13508.77000
-15071.71000 -13508.77000
-16083.95000 -13508.77000
-15276.15000 -13508.77000
-14979.35000 -13508.77000
-15754.85000 -13508.77000
-14685.49000 -13508.77000
-14681.46000 -13508.77000
-15144.66000 -13508.77000
-16055.07000 -13508.77000
-16132.02000 -13508.77000
-15419.33000 -13508.77000
-14869.25000 -13508.77000
-14359.39000 -13508.77000
-14647.64000 -13508.77000
-15711.14000 -13508.77000
-15389.77000 -13508.77000
-15113.51000 -13508.77000
-15830.84000 -13508.77000
-15435.14000 -13508.77000
-15434.82000 -13508.77000
-14585.62000 -13508.77000
-15698.36000 -13508.77000
-15815.80000 -13508.77000
-15688.28000 -13508.77000
-15925.32000 -13508.77000
-15770.64000 -13508.77000
-15757.09000 -13508.77000
-14556.08000 -13508.77000
-15733.93000 -13508.77000
-16093.68000 -13508.77000
-16016.32000 -13508.77000
-14568.52000 -13508.77000
-15895.14000 -13508.77000
-15958.59000 -13508.77000
-15459.75000 -13508.77000
-14669.36000 -13508.77000
-15833.75000 -13508.77000
-15963.53000 -13508.77000
-16100.10000 -13508.77000
-15707.41000 -13508.77000
-15837.77000 -13508.77000
-15883.66000 -13508.77000
-15917.95000 -13508.77000
-15752.61000 -13508.77000
-14703.11000 -13508.77000
-15651.42000 -13508.77000
-15618.06000 -13508.77000
-15704.52000 -13508.77000
-15837.46000 -13508.77000
-15605.28000 -13508.77000
-15780.91000 -13508.77000
-15651.94000 -13508.77000
-15693.95000 -13508.77000
-15775.10000 -13508.77000
-15806.95000 -13508.77000
-15812.09000 -13508.77000
-15576.48000 -13508.77000
-15176.26000 -13508.77000
-15704.21000 -13508.77000
-15754.78000 -13508.77000
-15979.92000 -13508.77000
-15576.95000 -13508.77000
-15839.07000 -13508.77000
-15392.56000 -13508.77000
-15677.82000 -13508.77000
-15846.63000 -13508.77000
-14883.35000 -13508.77000
-15348.78000 -13508.77000
-15824.62000 -13508.77000
-15605.71000 -13508.77000
-15519.38000 -13508.77000
-15825.07000 -13508.77000
-15666.93000 -13508.77000
-15862.43000 -13508.77000
-15995.56000 -13508.77000
-15305.98000 -13508.77000
-15892.80000 -13508.77000
-15941.94000 -13508.77000
-15876.30000 -13508.77000
-15577.69000 -13508.77000
-15646.63000 -13508.77000
-15547.98000 -13508.77000
-15936.01000 -13508.77000
-15677.20000 -13508.77000
-15173.54000 -13508.77000
-16082.89000 -13508.77000
-16113.19000 -13508.77000
-14860.84000 -13508.77000
-15841.37000 -13508.77000
-15765.08000 -13508.77000
-15769.72000 -13508.77000
-14342.67000 -13508.77000
-15365.52000 -13508.77000
-16112.32000 -13508.77000
-15508.44000 -13508.77000
-15793.05000 -13508.77000
-15723.51000 -13508.77000
-15712.83000 -13508.77000
-15915.85000 -13508.77000
-15419.21000 -13508.77000
-14830.25000 -13508.77000
-15848.49000 -13508.77000
-15699.03000 -13508.77000
-15028.08000 -13508.77000
-15996.54000 -13508.77000
-16075.32000 -13508.77000
-15522.44000 -13508.77000
-15867.89000 -13508.77000
-15514.28000 -13508.77000
-15372.72000 -13508.77000
-15596.54000 -13508.77000
-14554.06000 -13508.77000
-16012.17000 -13508.77000
-15580.59000 -13508.77000
-15818.39000 -13508.77000
-15705.53000 -13508.77000
-15797.41000 -13508.77000
-15301.92000 -13508.77000
-15475.29000 -13508.77000
-15303.32000 -13508.77000
-14051.07000 -13508.77000
-15964.76000 -13508.77000
-14506.27000 -13508.77000
-16113.87000 -13508.77000
-15774.98000 -13508.77000
-15474.39000 -13508.77000
-13740.92000 -13508.77000
-15643.86000 -13508.77000
-16075.37000 -13508.77000
-15849.57000 -13508.77000
-15439.96000 -13508.77000
-15994.08000 -13508.77000
-16017.41000 -13508.77000
-15723.36000 -13508.77000
-15401.36000 -13508.77000
-15697.12000 -13508.77000
-15573.11000 -13508.77000
-15788.48000 -13508.77000
-15861.17000 -13508.77000
-15087.01000 -13508.77000
-15581.52000 -13508.77000
-15550.32000 -13508.77000
-15814.05000 -13508.77000
-15744.06000 -13508.77000
-15762.74000 -13508.77000
-15919.18000 -13508.77000
-15656.90000 -13508.77000
-15791.74000 -13508.77000
-15971.32000 -13508.77000
-15375.32000 -13508.77000
-15429.37000 -13508.77000
-14969.44000 -13508.77000
-14635.98000 -13508.77000
-15023.38000 -13508.77000
-16242.92000 -13508.77000
-15811.77000 -13508.77000
-15720.84000 -13508.77000
-15973.37000 -13508.77000
-15600.77000 -13508.77000
-15318.12000 -13508.77000
-15567.14000 -13508.77000
-15430.94000 -13508.77000
-14897.16000 -13508.77000
-16142.08000 -13508.77000
-15084.79000 -13508.77000
-15600.79000 -13508.77000
-15492.62000 -13508.77000
-15911.34000 -13508.77000
-15625.48000 -13508.77000
-15797.36000 -13508.77000
-16031.84000 -13508.77000
-14844.55000 -13508.77000
-15448.78000 -13508.77000
-15361.31000 -13508.77000
-15870.99000 -13508.77000
-15728.38000 -13508.77000
-15898.60000 -13508.77000
-14992.82000 -13508.77000
-15776.22000 -13508.77000
-15889.35000 -13508.77000
-15881.25000 -13508.77000
-14949.93000 -13508.77000
-15999.30000 -13508.77000
-15397.94000 -13508.77000
-15766.72000 -13508.77000
-15294.88000 -13508.77000
-15581.80000 -13508.77000
-15650.79000 -13508.77000
-16141.83000 -13508.77000
-13973.75000 -13508.77000
-15936.10000 -13508.77000
-14928.40000 -13508.77000
-15846.32000 -13508.77000
-15327.63000 -13508.77000
-15843.42000 -13508.77000
-15731.77000 -13508.77000
-15764.95000 -13508.77000
-14373.46000 -13508.77000
-15876.18000 -13508.77000
-15816.11000 -13508.77000
-15831.13000 -13508.77000
-15551.88000 -13508.77000
-14969.36000 -13508.77000
-15314.49000 -13508.77000
-16057.85000 -13508.77000
-15316.77000 -13508.77000
-14171.96000 -13508.77000
-15673.35000 -13508.77000
-16067.28000 -13508.77000
-15621.03000 -13508.77000
-14935.63000 -13508.77000
-15948.19000 -13508.77000
-15576.16000 -13508.77000
-14675.42000 -13508.77000
-15787.66000 -13508.77000
-14708.68000 -13508.77000
-15040.16000 -13508.77000
-15822.63000 -13508.77000
-15970.26000 -13508.77000
-15947.56000 -13508.77000
-15827.06000 -13508.77000
-15963.64000 -13508.77000
-15577.41000 -13508.77000
-15649.25000 -13508.77000
-15300.08000 -13508.77000
-15677.08000 -13508.77000
-15325.74000 -13508.77000
-15335.21000 -13508.77000
-15821.94000 -13508.77000
-15663.32000 -13508.77000
-15980.38000 -13508.77000
-15876.01000 -13508.77000
-15828.74000 -13508.77000
-15088.55000 -13508.77000
-15741.79000 -13508.77000
-15188.96000 -13508.77000
-15138.31000 -13508.77000
-15688.76000 -13508.77000
-15661.59000 -13508.77000
-15479.60000 -13508.77000
-15790.59000 -13508.77000
-15645.85000 -13508.77000
-16055.29000 -13508.77000
-14942.76000 -13508.77000
-15737.33000 -13508.77000
-16082.91000 -13508.77000
-12504.25000 -11650.94000
-11907.92000 -11650.94000
-12453.54000 -11650.94000
-12438.63000 -11650.94000
-11835.21000 -11650.94000
-12310.30000 -11650.94000
-12414.62000 -11650.94000
-12257.53000 -11650.94000
-12512.51000 -11650.94000
-12219.06000 -11650.94000
-12124.55000 -11650.94000
-12378.36000 -11650.94000
-12200.03000 -11650.94000
-12144.34000 -11650.94000
-12408.72000 -11650.94000
-12402.42000 -11650.94000
-12471.23000 -11650.94000
-12405.27000 -11650.94000
-12485.46000 -11650.94000
-11760.30000 -11650.94000
-12251.18000 -11650.94000
-12209.92000 -11650.94000
-12369.62000 -11650.94000
-11750.00000 -11650.94000
-12487.90000 -11650.94000
-11351.07000 -11351.07000
-12231.09000 -11351.07000
-12112.48000 -11351.07000
-11865.11000 -11351.07000
-11905.73000 -11351.07000
-12357.67000 -11351.07000
-12445.24000 -11351.07000
-12213.44000 -11351.07000
-12186.61000 -11351.07000
-12246.69000 -11351.07000
-12344.96000 -11351.07000
-12235.81000 -11351.07000
-12241.14000 -11351.07000
-12620.55000 -11351.07000
-12017.82000 -11351.07000
-12641.48000 -11351.07000
-12523.62000 -11351.07000
-11473.26000 -11351.07000
-11596.45000 -11351.07000
-12286.30000 -11351.07000
-12754.15000 -11351.07000
-12443.22000 -11351.07000
-12206.01000 -11351.07000
-12565.27000 -11351.07000
-12551.74000 -11351.07000
-12300.72000 -11351.07000
-12542.76000 -11351.07000
-12426.65000 -11351.07000
-12360.88000 -11351.07000
-12431.70000 -11351.07000
-12410.73000 -11351.07000
-12098.02000 -11351.07000
-12444.93000 -11351.07000
-11804.36000 -11351.07000
-12423.69000 -11351.07000
-11939.45000 -11351.07000
-12067.13000 -11351.07000
-12382.22000 -11351.07000
-12024.75000 -11351.07000
-11457.95000 -11351.07000
-12016.20000 -11351.07000
-12201.29000 -11351.07000
-12532.06000 -11351.07000
-12732.74000 -11351.07000
-12515.65000 -11351.07000
-12240.68000 -11351.07000
-12506.10000 -11351.07000
-12163.55000 -11351.07000
-12555.41000 -11351.07000
-11822.17000 -11351.07000
-11675.72000 -11351.07000
-12708.60000 -11351.07000
-12407.91000 -11351.07000
-12194.29000 -11351.07000
-12559.69000 -11351.07000
-12276.01000 -11351.07000
-12423.27000 -11351.07000
-12709.11000 -11351.07000
-12355.17000 -11351.07000
-12446.94000 -11351.07000
-12505.40000 -11351.07000
-12720.32000 -11351.07000
-12462.28000 -11351.07000
-12254.63000 -11351.07000
-12414.12000 -11351.07000
-11727.59000 -11351.07000
-11837.80000 -11351.07000
-11674.07000 -11351.07000
-12425.86000 -11351.07000
-12425.46000 -11351.07000
-12284.29000 -11351.07000
-12187.73000 -11351.07000
-12284.32000 -11351.07000
-12479.69000 -11351.07000
-12092.25000 -11351.07000
-12038.44000 -11351.07000
-12234.95000 -11351.07000
-11213.87000 -11213.87000
-12358.05000 -11213.87000
-12002.88000 -11213.87000
-12255.69000 -11213.87000
-12708.30000 -11213.87000
-12814.35000 -11213.87000
-12346.55000 -11213.87000
-11895.54000 -11213.87000
-12065.41000 -11213.87000
-11854.72000 -11213.87000
-11900.04000 -11213.87000
-12505.88000 -11213.87000
-12181.82000 -11213.87000
-12435.79000 -11213.87000
-12418.70000 -11213.87000
-12135.27000 -11213.87000
-11921.20000 -11213.87000
-12132.55000 -11213.87000
-11359.14000 -11213.87000
-12081.16000 -11213.87000
-12373.85000 -11213.87000
-12363.00000 -11213.87000
-12487.66000 -11213.87000
-12235.43000 -11213.87000
-12323.55000 -11213.87000
-12530.43000 -11213.87000
-12087.78000 -11213.87000
-12400.98000 -11213.87000
-11593.17000 -11213.87000
-11688.03000 -11213.87000
-11980.50000 -11213.87000
-12405.49000 -11213.87000
-12419.57000 -11213.87000
-12652.96000 -11213.87000
-11907.72000 -11213.87000
-12060.72000 -11213.87000
-12669.00000 -11213.87000
-11710.66000 -11213.87000
-12728.49000 -11213.87000
-11082.90000 -11082.90000
-12034.89000 -11082.90000
-12065.53000 -11082.90000
-11341.92000 -11082.90000
-12181.20000 -11082.90000
-12276.13000 -11082.90000
-11691.01000 -11082.90000
-12456.13000 -11082.90000
-12498.95000 -11082.90000
-11667.91000 -11082.90000
-12197.47000 -11082.90000
-11830.79000 -11082.90000
-11853.63000 -11082.90000
-11833.47000 -11082.90000
-11846.96000 -11082.90000
-12356.59000 -11082.90000
-11682.71000 -11082.90000
-11374.48000 -11082.90000
-12608.81000 -11082.90000
-12427.46000 -11082.90000
-12198.75000 -11082.90000
-12272.10000 -11082.90000
-11476.54000 -11082.90000
-12476.05000 -11082.90000
-12278.45000 -11082.90000
-12372.43000 -11082.90000
-12008.13000 -11082.90000
-12323.76000 -11082.90000
-12145.94000 -11082.90000
-12449.92000 -11082.90000
-12215.35000 -11082.90000
-12477.29000 -11082.90000
-11566.72000 -11082.90000
-11872.47000 -11082.90000
-12228.21000 -11082.90000
-12063.11000 -11082.90000
-12163.22000 -11082.90000
-12543.05000 -11082.90000
-12270.70000 -11082.90000
-12457.94000 -11082.90000
-12735.11000 -11082.90000
-12268.76000 -11082.90000
-12415.36000 -11082.90000
-11516.02000 -11082.90000
-12297.28000 -11082.90000
-12255.51000 -11082.90000
-12502.37000 -11082.90000
-12338.93000 -11082.90000
-12249.57000 -11082.90000
-12090.51000 -11082.90000
-11725.23000 -11082.90000
-10817.88000 -10817.88000
-12074.90000 -10817.88000
-12215.38000 -10817.88000
-12019.44000 -10817.88000
-12315.43000 -10817.88000
-12356.16000 -10817.88000
-12474.53000 -10817.88000
-12206.11000 -10817.88000
-11777.43000 -10817.88000
-12371.83000 -10817.88000
-12329.35000 -10817.88000
-12473.16000 -10817.88000
-12276.76000 -10817.88000
-11920.65000 -10817.88000
-12360.66000 -10817.88000
-12268.02000 -10817.88000
-11854.76000 -10817.88000
-12605.85000 -10817.88000
-11543.07000 -10817.88000
-12460.96000 -10817.88000
-12150.32000 -10817.88000
-12363.28000 -10817.88000
-12269.16000 -10817.88000
-10817.88000 -10817.88000
-12277.28000 -10817.88000
-12060.86000 -10817.88000
-12422.98000 -10817.88000
-12472.44000 -10817.88000
-12230.69000 -10817.88000
-11763.26000 -10817.88000
-12706.41000 -10817.88000
-12049.03000 -10817.88000
-12215.00000 -10817.88000
-11997.71000 -10817.88000
-11571.01000 -10817.88000
-12413.47000 -10817.88000
-12251.54000 -10817.88000
-12217.00000 -10817.88000
-11644.00000 -10817.88000
-12346.30000 -10817.88000
-12025.23000 -10817.88000
-12307.65000 -10817.88000
-11450.89000 -10817.88000
-11543.54000 -10817.88000
-12637.72000 -10817.88000
-12025.68000 -10817.88000
-11861.13000 -10817.88000
-12173.25000 -10817.88000
-11435.52000 -10817.88000
-12102.51000 -10817.88000
-11147.06000 -10817.88000
-12161.63000 -10817.88000
-12367.46000 -10817.88000
-12547.24000 -10817.88000
-11529.70000 -10817.88000
-11765.78000 -10817.88000
-12104.58000 -10817.88000
-12532.56000 -10817.88000
-12252.10000 -10817.88000
-12128.92000 -10817.88000
-12078.72000 -10817.88000
-12329.54000 -10817.88000
-12470.88000 -10817.88000
-12211.95000 -10817.88000
-12169.58000 -10817.88000
-12093.61000 -10817.88000
-12391.32000 -10817.88000
-11551.24000 -10817.88000
-12236.58000 -10817.88000
-11231.63000 -10817.88000
-12222.26000 -10817.88000
-12258.59000 -10817.88000
-12362.59000 -10817.88000
-11513.20000 -10817.88000
-11145.72000 -10817.88000
-12500.82000 -10817.88000
-11618.91000 -10817.88000
-11848.20000 -10817.88000
-11328.09000 -10817.88000
-12260.85000 -10817.88000
-11442.86000 -10817.88000
-11873.72000 -10817.88000
-12335.32000 -10817.88000
-12127.97000 -10817.88000
-11567.44000 -10817.88000
-12019.75000 -10817.88000
-11786.94000 -10817.88000
-12174.04000 -10817.88000
-12429.85000 -10817.88000
-11813.23000 -10817.88000
-12454.27000 -10817.88000
-11902.63000 -10817.88000
-11236.07000 -10817.88000
-12382.69000 -10817.88000
-11712.73000 -10817.88000
-11530.58000 -10817.88000
-12071.62000 -10817.88000
-12452.30000 -10817.88000
-12017.23000 -10817.88000
-11868.55000 -10817.88000
-12256.82000 -10817.88000
-12020.01000 -10817.88000
-11414.47000 -10817.88000
-12216.18000 -10817.88000
-12021.01000 -10817.88000
-11460.63000 -10817.88000
-11730.56000 -10817.88000
-11972.02000 -10817.88000
-11894.82000 -10817.88000
-11593.64000 -10817.88000
-12013.47000 -10817.88000
-11703.20000 -10817.88000
-12150.75000 -10817.88000
-11805.13000 -10817.88000
-12292.67000 -10817.88000
-11772.72000 -10817.88000
-11727.74000 -10817.88000
-12000.15000 -10817.88000
-12335.51000 -10817.88000
-12102.51000 -10817.88000
-12208.81000 -10817.88000
-11494.11000 -10817.88000
-12059.44000 -10817.88000
-11610.83000 -10817.88000
-11635.73000 -10817.88000
-11759.26000 -10817.88000
-12057.88000 -10817.88000
-12127.55000 -10817.88000
-12057.80000 -10817.88000
-11973.05000 -10817.88000
-11806.18000 -10817.88000
-11167.32000 -10817.88000
-12033.14000 -10817.88000
-12104.46000 -10817.88000
-11965.80000 -10817.88000
-12118.48000 -10817.88000
-12135.09000 -10817.88000
-12310.48000 -10817.88000
-12772.67000 -10817.88000
-11744.83000 -10817.88000
-12383.51000 -10817.88000
-11982.70000 -10817.88000
-12322.98000 -10817.88000
-12054.86000 -10817.88000
-12242.03000 -10817.88000
-12157.68000 -10817.88000
-12211.68000 -10817.88000
-12223.57000 -10817.88000
-12212.42000 -10817.88000
-11745.31000 -10817.88000
-12325.68000 -10817.88000
-11523.82000 -10817.88000
-11932.28000 -10817.88000
-12590.93000 -10817.88000
-12061.73000 -10817.88000
-12014.60000 -10817.88000
-12032.91000 -10817.88000
-11839.64000 -10817.88000
-12285.24000 -10817.88000
-12038.96000 -10817.88000
-12153.41000 -10817.88000
-11995.22000 -10817.88000
-12344.03000 -10817.88000
-13033.72000 -10817.88000
-11653.37000 -10817.88000
-12134.13000 -10817.88000
-12470.72000 -10817.88000
-12326.96000 -10817.88000
-11151.35000 -10817.88000
-12260.54000 -10817.88000
-12181.01000 -10817.88000
-11770.54000 -10817.88000
-10945.29000 -10817.88000
-12139.60000 -10817.88000
-11798.38000 -10817.88000
-11903.94000 -10817.88000
-11914.28000 -10817.88000
-12110.72000 -10817.88000
-12156.96000 -10817.88000
-11516.65000 -10817.88000
-12048.72000 -10817.88000
-12272.14000 -10817.88000
-11921.42000 -10817.88000
