
samples_per_chain:,200
burnin:,0.25
num params:,39
initial_proposed_vec:,[ 1.50000000e+00  1.50000000e+00  1.50000000e+00  1.50000000e+00
  5.00000000e-06  5.00000000e-01  1.00000000e+00  5.00000000e-01
  8.00000000e-01  7.83373562e-01  9.77436024e-01  7.46369973e-01
  7.75796634e-01  8.15485810e-01  8.30622971e-02 -2.70282984e-01
  4.94892042e-01 -4.90053368e-01  2.13212098e-01  3.27309816e-01
  4.92445326e-01  4.49054148e-01 -1.96366418e-01 -4.20656254e-01
  1.98317495e-01 -4.92368507e-01  1.36643594e-01  1.23067056e-01
 -4.72502016e-01  1.43773554e-01  3.43165755e-01  2.04364003e-01
 -3.28019272e-01 -4.75691323e-01  4.88035314e-01 -7.22587191e-02
 -3.49741636e-01  1.73168537e-01  1.51604702e-01]
stepsize_vec:,[0.  0.  0.  0.  0.  0.  0.  0.  0.  0.1 0.1 0.1 0.1 0.1 0.1 0.1 0.1 0.1
 0.1 0.1 0.1 0.1 0.1 0.1 0.1 0.1 0.1 0.1 0.1 0.1 0.1 0.1 0.1 0.1 0.1 0.1
 0.1 0.1 0.1]
step_ratio_vec:,[0.1 0.1 0.1 0.1 0.1 0.1 0.1 0.1 0.1 0.1 0.1 0.1 0.1 0.1 0.1 0.1 0.1 0.1
 0.1 0.1 0.1 0.1 0.1 0.1 0.1 0.1 0.1 0.1 0.1 0.1 0.1 0.1 0.1 0.1 0.1 0.1
 0.1 0.1 0.1]
swap interval:,20
sim interval:,[      0.  250000.  500000.  750000. 1000000.]
likelihood_sed (T/F):,True
erodep_coords:,[[42 10]
 [39  8]
 [75 51]
 [59 13]
 [40  5]
 [ 6 20]
 [14 66]
 [ 4 40]
 [72 73]
 [46 64]]
sed scaling factor:,50
samples_per_chain:,200
burnin:,0.25
num params:,39
initial_proposed_vec:,[ 1.50000000e+00  1.50000000e+00  1.50000000e+00  1.50000000e+00
  5.00000000e-06  5.00000000e-01  1.00000000e+00  5.00000000e-01
  8.00000000e-01  7.83373562e-01  9.77436024e-01  7.46369973e-01
  7.75796634e-01  8.15485810e-01  8.30622971e-02 -2.70282984e-01
  4.94892042e-01 -4.90053368e-01  2.13212098e-01  3.27309816e-01
  4.92445326e-01  4.49054148e-01 -1.96366418e-01 -4.20656254e-01
  1.98317495e-01 -4.92368507e-01  1.36643594e-01  1.23067056e-01
 -4.72502016e-01  1.43773554e-01  3.43165755e-01  2.04364003e-01
 -3.28019272e-01 -4.75691323e-01  4.88035314e-01 -7.22587191e-02
 -3.49741636e-01  1.73168537e-01  1.51604702e-01]
stepsize_vec:,[0.  0.  0.  0.  0.  0.  0.  0.  0.  0.1 0.1 0.1 0.1 0.1 0.1 0.1 0.1 0.1
 0.1 0.1 0.1 0.1 0.1 0.1 0.1 0.1 0.1 0.1 0.1 0.1 0.1 0.1 0.1 0.1 0.1 0.1
 0.1 0.1 0.1]
step_ratio_vec:,[0.1 0.1 0.1 0.1 0.1 0.1 0.1 0.1 0.1 0.1 0.1 0.1 0.1 0.1 0.1 0.1 0.1 0.1
 0.1 0.1 0.1 0.1 0.1 0.1 0.1 0.1 0.1 0.1 0.1 0.1 0.1 0.1 0.1 0.1 0.1 0.1
 0.1 0.1 0.1]
swap interval:,20
sim interval:,[      0.  250000.  500000.  750000. 1000000.]
likelihood_sed (T/F):,True
erodep_coords:,[[42 10]
 [39  8]
 [75 51]
 [59 13]
 [40  5]
 [ 6 20]
 [14 66]
 [ 4 40]
 [72 73]
 [46 64]]
sed scaling factor:,50
samples_per_chain:,200
burnin:,0.25
num params:,39
initial_proposed_vec:,[ 1.50000000e+00  1.50000000e+00  1.50000000e+00  1.50000000e+00
  5.00000000e-06  5.00000000e-01  1.00000000e+00  5.00000000e-01
  8.00000000e-01  7.83373562e-01  9.77436024e-01  7.46369973e-01
  7.75796634e-01  8.15485810e-01  8.30622971e-02 -2.70282984e-01
  4.94892042e-01 -4.90053368e-01  2.13212098e-01  3.27309816e-01
  4.92445326e-01  4.49054148e-01 -1.96366418e-01 -4.20656254e-01
  1.98317495e-01 -4.92368507e-01  1.36643594e-01  1.23067056e-01
 -4.72502016e-01  1.43773554e-01  3.43165755e-01  2.04364003e-01
 -3.28019272e-01 -4.75691323e-01  4.88035314e-01 -7.22587191e-02
 -3.49741636e-01  1.73168537e-01  1.51604702e-01]
stepsize_vec:,[0.  0.  0.  0.  0.  0.  0.  0.  0.  0.1 0.1 0.1 0.1 0.1 0.1 0.1 0.1 0.1
 0.1 0.1 0.1 0.1 0.1 0.1 0.1 0.1 0.1 0.1 0.1 0.1 0.1 0.1 0.1 0.1 0.1 0.1
 0.1 0.1 0.1]
step_ratio_vec:,[0.1 0.1 0.1 0.1 0.1 0.1 0.1 0.1 0.1 0.1 0.1 0.1 0.1 0.1 0.1 0.1 0.1 0.1
 0.1 0.1 0.1 0.1 0.1 0.1 0.1 0.1 0.1 0.1 0.1 0.1 0.1 0.1 0.1 0.1 0.1 0.1
 0.1 0.1 0.1]
swap interval:,20
sim interval:,[      0.  250000.  500000.  750000. 1000000.]
likelihood_sed (T/F):,True
erodep_coords:,[[42 10]
 [39  8]
 [75 51]
 [59 13]
 [40  5]
 [ 6 20]
 [14 66]
 [ 4 40]
 [72 73]
 [46 64]]
sed scaling factor:,50
samples_per_chain:,200
burnin:,0.25
num params:,39
initial_proposed_vec:,[ 1.50000000e+00  1.50000000e+00  1.50000000e+00  1.50000000e+00
  5.00000000e-06  5.00000000e-01  1.00000000e+00  5.00000000e-01
  8.00000000e-01  7.83373562e-01  9.77436024e-01  7.46369973e-01
  7.75796634e-01  8.15485810e-01  8.30622971e-02 -2.70282984e-01
  4.94892042e-01 -4.90053368e-01  2.13212098e-01  3.27309816e-01
  4.92445326e-01  4.49054148e-01 -1.96366418e-01 -4.20656254e-01
  1.98317495e-01 -4.92368507e-01  1.36643594e-01  1.23067056e-01
 -4.72502016e-01  1.43773554e-01  3.43165755e-01  2.04364003e-01
 -3.28019272e-01 -4.75691323e-01  4.88035314e-01 -7.22587191e-02
 -3.49741636e-01  1.73168537e-01  1.51604702e-01]
stepsize_vec:,[0.  0.  0.  0.  0.  0.  0.  0.  0.  0.1 0.1 0.1 0.1 0.1 0.1 0.1 0.1 0.1
 0.1 0.1 0.1 0.1 0.1 0.1 0.1 0.1 0.1 0.1 0.1 0.1 0.1 0.1 0.1 0.1 0.1 0.1
 0.1 0.1 0.1]
step_ratio_vec:,[0.1 0.1 0.1 0.1 0.1 0.1 0.1 0.1 0.1 0.1 0.1 0.1 0.1 0.1 0.1 0.1 0.1 0.1
 0.1 0.1 0.1 0.1 0.1 0.1 0.1 0.1 0.1 0.1 0.1 0.1 0.1 0.1 0.1 0.1 0.1 0.1
 0.1 0.1 0.1]
swap interval:,20
sim interval:,[      0.  250000.  500000.  750000. 1000000.]
likelihood_sed (T/F):,True
erodep_coords:,[[42 10]
 [39  8]
 [75 51]
 [59 13]
 [40  5]
 [ 6 20]
 [14 66]
 [ 4 40]
 [72 73]
 [46 64]]
sed scaling factor:,50
samples_per_chain:,200
burnin:,0.25
num params:,39
initial_proposed_vec:,[ 1.50000000e+00  1.50000000e+00  1.50000000e+00  1.50000000e+00
  5.00000000e-06  5.00000000e-01  1.00000000e+00  5.00000000e-01
  8.00000000e-01  7.83373562e-01  9.77436024e-01  7.46369973e-01
  7.75796634e-01  8.15485810e-01  8.30622971e-02 -2.70282984e-01
  4.94892042e-01 -4.90053368e-01  2.13212098e-01  3.27309816e-01
  4.92445326e-01  4.49054148e-01 -1.96366418e-01 -4.20656254e-01
  1.98317495e-01 -4.92368507e-01  1.36643594e-01  1.23067056e-01
 -4.72502016e-01  1.43773554e-01  3.43165755e-01  2.04364003e-01
 -3.28019272e-01 -4.75691323e-01  4.88035314e-01 -7.22587191e-02
 -3.49741636e-01  1.73168537e-01  1.51604702e-01]
stepsize_vec:,[0.  0.  0.  0.  0.  0.  0.  0.  0.  0.1 0.1 0.1 0.1 0.1 0.1 0.1 0.1 0.1
 0.1 0.1 0.1 0.1 0.1 0.1 0.1 0.1 0.1 0.1 0.1 0.1 0.1 0.1 0.1 0.1 0.1 0.1
 0.1 0.1 0.1]
step_ratio_vec:,[0.1 0.1 0.1 0.1 0.1 0.1 0.1 0.1 0.1 0.1 0.1 0.1 0.1 0.1 0.1 0.1 0.1 0.1
 0.1 0.1 0.1 0.1 0.1 0.1 0.1 0.1 0.1 0.1 0.1 0.1 0.1 0.1 0.1 0.1 0.1 0.1
 0.1 0.1 0.1]
swap interval:,20
sim interval:,[      0.  250000.  500000.  750000. 1000000.]
likelihood_sed (T/F):,True
erodep_coords:,[[42 10]
 [39  8]
 [75 51]
 [59 13]
 [40  5]
 [ 6 20]
 [14 66]
 [ 4 40]
 [72 73]
 [46 64]]
sed scaling factor:,50
samples_per_chain:,200
burnin:,0.25
num params:,39
initial_proposed_vec:,[ 1.50000000e+00  1.50000000e+00  1.50000000e+00  1.50000000e+00
  5.00000000e-06  5.00000000e-01  1.00000000e+00  5.00000000e-01
  8.00000000e-01  7.83373562e-01  9.77436024e-01  7.46369973e-01
  7.75796634e-01  8.15485810e-01  8.30622971e-02 -2.70282984e-01
  4.94892042e-01 -4.90053368e-01  2.13212098e-01  3.27309816e-01
  4.92445326e-01  4.49054148e-01 -1.96366418e-01 -4.20656254e-01
  1.98317495e-01 -4.92368507e-01  1.36643594e-01  1.23067056e-01
 -4.72502016e-01  1.43773554e-01  3.43165755e-01  2.04364003e-01
 -3.28019272e-01 -4.75691323e-01  4.88035314e-01 -7.22587191e-02
 -3.49741636e-01  1.73168537e-01  1.51604702e-01]
stepsize_vec:,[0.  0.  0.  0.  0.  0.  0.  0.  0.  0.1 0.1 0.1 0.1 0.1 0.1 0.1 0.1 0.1
 0.1 0.1 0.1 0.1 0.1 0.1 0.1 0.1 0.1 0.1 0.1 0.1 0.1 0.1 0.1 0.1 0.1 0.1
 0.1 0.1 0.1]
step_ratio_vec:,[0.1 0.1 0.1 0.1 0.1 0.1 0.1 0.1 0.1 0.1 0.1 0.1 0.1 0.1 0.1 0.1 0.1 0.1
 0.1 0.1 0.1 0.1 0.1 0.1 0.1 0.1 0.1 0.1 0.1 0.1 0.1 0.1 0.1 0.1 0.1 0.1
 0.1 0.1 0.1]
swap interval:,20
sim interval:,[      0.  250000.  500000.  750000. 1000000.]
likelihood_sed (T/F):,True
erodep_coords:,[[42 10]
 [39  8]
 [75 51]
 [59 13]
 [40  5]
 [ 6 20]
 [14 66]
 [ 4 40]
 [72 73]
 [46 64]]
sed scaling factor:,50
samples_per_chain:,200
burnin:,0.25
num params:,39
initial_proposed_vec:,[ 1.50000000e+00  1.50000000e+00  1.50000000e+00  1.50000000e+00
  5.00000000e-06  5.00000000e-01  1.00000000e+00  5.00000000e-01
  8.00000000e-01  7.83373562e-01  9.77436024e-01  7.46369973e-01
  7.75796634e-01  8.15485810e-01  8.30622971e-02 -2.70282984e-01
  4.94892042e-01 -4.90053368e-01  2.13212098e-01  3.27309816e-01
  4.92445326e-01  4.49054148e-01 -1.96366418e-01 -4.20656254e-01
  1.98317495e-01 -4.92368507e-01  1.36643594e-01  1.23067056e-01
 -4.72502016e-01  1.43773554e-01  3.43165755e-01  2.04364003e-01
 -3.28019272e-01 -4.75691323e-01  4.88035314e-01 -7.22587191e-02
 -3.49741636e-01  1.73168537e-01  1.51604702e-01]
stepsize_vec:,[0.  0.  0.  0.  0.  0.  0.  0.  0.  0.1 0.1 0.1 0.1 0.1 0.1 0.1 0.1 0.1
 0.1 0.1 0.1 0.1 0.1 0.1 0.1 0.1 0.1 0.1 0.1 0.1 0.1 0.1 0.1 0.1 0.1 0.1
 0.1 0.1 0.1]
step_ratio_vec:,[0.1 0.1 0.1 0.1 0.1 0.1 0.1 0.1 0.1 0.1 0.1 0.1 0.1 0.1 0.1 0.1 0.1 0.1
 0.1 0.1 0.1 0.1 0.1 0.1 0.1 0.1 0.1 0.1 0.1 0.1 0.1 0.1 0.1 0.1 0.1 0.1
 0.1 0.1 0.1]
swap interval:,20
sim interval:,[      0.  250000.  500000.  750000. 1000000.]
likelihood_sed (T/F):,True
erodep_coords:,[[42 10]
 [39  8]
 [75 51]
 [59 13]
 [40  5]
 [ 6 20]
 [14 66]
 [ 4 40]
 [72 73]
 [46 64]]
sed scaling factor:,50
samples_per_chain:,200
burnin:,0.25
num params:,39
initial_proposed_vec:,[ 1.50000000e+00  1.50000000e+00  1.50000000e+00  1.50000000e+00
  5.00000000e-06  5.00000000e-01  1.00000000e+00  5.00000000e-01
  8.00000000e-01  7.83373562e-01  9.77436024e-01  7.46369973e-01
  7.75796634e-01  8.15485810e-01  8.30622971e-02 -2.70282984e-01
  4.94892042e-01 -4.90053368e-01  2.13212098e-01  3.27309816e-01
  4.92445326e-01  4.49054148e-01 -1.96366418e-01 -4.20656254e-01
  1.98317495e-01 -4.92368507e-01  1.36643594e-01  1.23067056e-01
 -4.72502016e-01  1.43773554e-01  3.43165755e-01  2.04364003e-01
 -3.28019272e-01 -4.75691323e-01  4.88035314e-01 -7.22587191e-02
 -3.49741636e-01  1.73168537e-01  1.51604702e-01]
stepsize_vec:,[0.  0.  0.  0.  0.  0.  0.  0.  0.  0.1 0.1 0.1 0.1 0.1 0.1 0.1 0.1 0.1
 0.1 0.1 0.1 0.1 0.1 0.1 0.1 0.1 0.1 0.1 0.1 0.1 0.1 0.1 0.1 0.1 0.1 0.1
 0.1 0.1 0.1]
step_ratio_vec:,[0.1 0.1 0.1 0.1 0.1 0.1 0.1 0.1 0.1 0.1 0.1 0.1 0.1 0.1 0.1 0.1 0.1 0.1
 0.1 0.1 0.1 0.1 0.1 0.1 0.1 0.1 0.1 0.1 0.1 0.1 0.1 0.1 0.1 0.1 0.1 0.1
 0.1 0.1 0.1]
swap interval:,20
sim interval:,[      0.  250000.  500000.  750000. 1000000.]
likelihood_sed (T/F):,True
erodep_coords:,[[42 10]
 [39  8]
 [75 51]
 [59 13]
 [40  5]
 [ 6 20]
 [14 66]
 [ 4 40]
 [72 73]
 [46 64]]
sed scaling factor:,50
samples_per_chain:,200
burnin:,0.25
num params:,39
initial_proposed_vec:,[ 1.50000000e+00  1.50000000e+00  1.50000000e+00  1.50000000e+00
  5.00000000e-06  5.00000000e-01  1.00000000e+00  5.00000000e-01
  8.00000000e-01  7.83373562e-01  9.77436024e-01  7.46369973e-01
  7.75796634e-01  8.15485810e-01  8.30622971e-02 -2.70282984e-01
  4.94892042e-01 -4.90053368e-01  2.13212098e-01  3.27309816e-01
  4.92445326e-01  4.49054148e-01 -1.96366418e-01 -4.20656254e-01
  1.98317495e-01 -4.92368507e-01  1.36643594e-01  1.23067056e-01
 -4.72502016e-01  1.43773554e-01  3.43165755e-01  2.04364003e-01
 -3.28019272e-01 -4.75691323e-01  4.88035314e-01 -7.22587191e-02
 -3.49741636e-01  1.73168537e-01  1.51604702e-01]
stepsize_vec:,[0.  0.  0.  0.  0.  0.  0.  0.  0.  0.1 0.1 0.1 0.1 0.1 0.1 0.1 0.1 0.1
 0.1 0.1 0.1 0.1 0.1 0.1 0.1 0.1 0.1 0.1 0.1 0.1 0.1 0.1 0.1 0.1 0.1 0.1
 0.1 0.1 0.1]
step_ratio_vec:,[0.1 0.1 0.1 0.1 0.1 0.1 0.1 0.1 0.1 0.1 0.1 0.1 0.1 0.1 0.1 0.1 0.1 0.1
 0.1 0.1 0.1 0.1 0.1 0.1 0.1 0.1 0.1 0.1 0.1 0.1 0.1 0.1 0.1 0.1 0.1 0.1
 0.1 0.1 0.1]
swap interval:,20
sim interval:,[      0.  250000.  500000.  750000. 1000000.]
likelihood_sed (T/F):,True
erodep_coords:,[[42 10]
 [39  8]
 [75 51]
 [59 13]
 [40  5]
 [ 6 20]
 [14 66]
 [ 4 40]
 [72 73]
 [46 64]]
sed scaling factor:,50
samples_per_chain:,200
burnin:,0.25
num params:,39
initial_proposed_vec:,[ 1.50000000e+00  1.50000000e+00  1.50000000e+00  1.50000000e+00
  5.00000000e-06  5.00000000e-01  1.00000000e+00  5.00000000e-01
  8.00000000e-01  7.83373562e-01  9.77436024e-01  7.46369973e-01
  7.75796634e-01  8.15485810e-01  8.30622971e-02 -2.70282984e-01
  4.94892042e-01 -4.90053368e-01  2.13212098e-01  3.27309816e-01
  4.92445326e-01  4.49054148e-01 -1.96366418e-01 -4.20656254e-01
  1.98317495e-01 -4.92368507e-01  1.36643594e-01  1.23067056e-01
 -4.72502016e-01  1.43773554e-01  3.43165755e-01  2.04364003e-01
 -3.28019272e-01 -4.75691323e-01  4.88035314e-01 -7.22587191e-02
 -3.49741636e-01  1.73168537e-01  1.51604702e-01]
stepsize_vec:,[0.  0.  0.  0.  0.  0.  0.  0.  0.  0.1 0.1 0.1 0.1 0.1 0.1 0.1 0.1 0.1
 0.1 0.1 0.1 0.1 0.1 0.1 0.1 0.1 0.1 0.1 0.1 0.1 0.1 0.1 0.1 0.1 0.1 0.1
 0.1 0.1 0.1]
step_ratio_vec:,[0.1 0.1 0.1 0.1 0.1 0.1 0.1 0.1 0.1 0.1 0.1 0.1 0.1 0.1 0.1 0.1 0.1 0.1
 0.1 0.1 0.1 0.1 0.1 0.1 0.1 0.1 0.1 0.1 0.1 0.1 0.1 0.1 0.1 0.1 0.1 0.1
 0.1 0.1 0.1]
swap interval:,20
sim interval:,[      0.  250000.  500000.  750000. 1000000.]
likelihood_sed (T/F):,True
erodep_coords:,[[42 10]
 [39  8]
 [75 51]
 [59 13]
 [40  5]
 [ 6 20]
 [14 66]
 [ 4 40]
 [72 73]
 [46 64]]
sed scaling factor:,50