-135753.82000 -132269.02000
-135663.22000 -132269.02000
-133551.29000 -132269.02000
-134652.75000 -132269.02000
-135729.09000 -132269.02000
-136353.99000 -132269.02000
-135405.30000 -132269.02000
-133973.76000 -132269.02000
-135227.11000 -132269.02000
-137470.81000 -132269.02000
-135140.03000 -132269.02000
-137951.85000 -132269.02000
-134902.37000 -132269.02000
-134774.03000 -132269.02000
-134603.24000 -132269.02000
-135154.64000 -132269.02000
-135680.23000 -132269.02000
-134171.80000 -132269.02000
-134094.53000 -132269.02000
-135636.41000 -132269.02000
-135683.85000 -132269.02000
-134907.39000 -132269.02000
-136466.20000 -132269.02000
-133751.79000 -132269.02000
-134233.66000 -132269.02000
-134358.31000 -132269.02000
-134110.40000 -132269.02000
-134591.26000 -132269.02000
-135811.45000 -132269.02000
-134864.21000 -132269.02000
-135494.80000 -132269.02000
-136269.64000 -132269.02000
-132717.70000 -132269.02000
-134273.17000 -132269.02000
-136344.43000 -132269.02000
-134511.64000 -132269.02000
-135361.59000 -132269.02000
-133555.68000 -132269.02000
-135776.71000 -132269.02000
-135841.62000 -132269.02000
-133608.19000 -132269.02000
-134323.29000 -132269.02000
-131892.13000 -131892.13000
-133638.69000 -131892.13000
-134008.92000 -131892.13000
-136170.73000 -131892.13000
-136022.41000 -131892.13000
-136751.17000 -131892.13000
-135530.53000 -131892.13000
-134920.54000 -131892.13000
-133279.55000 -131892.13000
-133904.03000 -131892.13000
-134209.71000 -131892.13000
-134439.73000 -131892.13000
-133623.60000 -131892.13000
-133633.10000 -131892.13000
-134829.94000 -131892.13000
-134945.15000 -131892.13000
-134141.01000 -131892.13000
-135079.44000 -131892.13000
-134235.54000 -131892.13000
-136323.02000 -131892.13000
-134421.32000 -131892.13000
-134351.23000 -131892.13000
-132962.08000 -131892.13000
-132781.66000 -131892.13000
-135539.16000 -131892.13000
-134405.05000 -131892.13000
-134573.26000 -131892.13000
-135326.52000 -131892.13000
-133063.29000 -131892.13000
-135444.37000 -131892.13000
-134571.71000 -131892.13000
-135573.88000 -131892.13000
-133509.88000 -131892.13000
-135908.93000 -131892.13000
-135642.50000 -131892.13000
-136348.34000 -131892.13000
-131984.54000 -131892.13000
-135878.11000 -131892.13000
-134542.89000 -131892.13000
-134945.21000 -131892.13000
-133982.42000 -131892.13000
-134223.65000 -131892.13000
-132981.09000 -131892.13000
-135831.79000 -131892.13000
-134784.64000 -131892.13000
-133672.39000 -131892.13000
-134166.41000 -131892.13000
-133077.79000 -131892.13000
-134561.46000 -131892.13000
-134007.57000 -131892.13000
-135119.17000 -131892.13000
-134619.60000 -131892.13000
-134867.45000 -131892.13000
-136306.09000 -131892.13000
-135864.68000 -131892.13000
-133214.67000 -131892.13000
-135779.27000 -131892.13000
-134748.10000 -131892.13000
-135665.80000 -131892.13000
-133710.64000 -131892.13000
-135394.10000 -131892.13000
-135227.66000 -131892.13000
-133450.66000 -131892.13000
-134435.50000 -131892.13000
-135730.32000 -131892.13000
-135583.73000 -131892.13000
-132816.71000 -131892.13000
-135002.45000 -131892.13000
-134880.18000 -131892.13000
-136904.62000 -131892.13000
-135579.70000 -131892.13000
-135665.04000 -131892.13000
-135825.21000 -131892.13000
-133736.41000 -131892.13000
-135459.43000 -131892.13000
-135129.06000 -131892.13000
-135201.70000 -131892.13000
-135242.52000 -131892.13000
-135276.18000 -131892.13000
-135594.63000 -131892.13000
-135396.88000 -131892.13000
-134522.55000 -131892.13000
-134276.29000 -131892.13000
-134254.84000 -131892.13000
-136425.08000 -131892.13000
-133661.18000 -131892.13000
-134427.63000 -131892.13000
-136084.29000 -131892.13000
-134355.38000 -131892.13000
-133733.03000 -131892.13000
-134775.15000 -131892.13000
-135493.10000 -131892.13000
-135259.39000 -131892.13000
-133464.56000 -131892.13000
-134243.93000 -131892.13000
-135567.11000 -131892.13000
-134643.94000 -131892.13000
-134892.81000 -131892.13000
-134938.09000 -131892.13000
-134351.25000 -131892.13000
-133020.77000 -131892.13000
-134277.09000 -131892.13000
-134900.34000 -131892.13000
-134716.45000 -131892.13000
-135097.13000 -131892.13000
-133821.34000 -131892.13000
-134414.86000 -131892.13000
-134874.71000 -131892.13000
-105402.30000 -101681.09000
-105841.22000 -101681.09000
-104809.60000 -101681.09000
-105389.75000 -101681.09000
-105432.32000 -101681.09000
-102876.60000 -101681.09000
-105976.25000 -101681.09000
-105031.91000 -101681.09000
-104997.16000 -101681.09000
-105240.91000 -101681.09000
-105158.92000 -101681.09000
-106263.93000 -101681.09000
-104864.07000 -101681.09000
-105133.87000 -101681.09000
-105501.64000 -101681.09000
-103117.45000 -101681.09000
-104389.03000 -101681.09000
-104897.32000 -101681.09000
-107297.76000 -101681.09000
-104726.17000 -101681.09000
-104726.01000 -101681.09000
-106229.35000 -101681.09000
-104214.92000 -101681.09000
-105319.74000 -101681.09000
-103636.92000 -101681.09000
-102635.98000 -101681.09000
-104228.23000 -101681.09000
-105006.91000 -101681.09000
-105882.79000 -101681.09000
-104482.17000 -101681.09000
-105935.84000 -101681.09000
-103137.35000 -101681.09000
-104502.38000 -101681.09000
-103501.12000 -101681.09000
-103275.67000 -101681.09000
-105046.39000 -101681.09000
-104433.34000 -101681.09000
-105330.38000 -101681.09000
-104617.73000 -101681.09000
-105708.01000 -101681.09000
-105508.72000 -101681.09000
-104306.88000 -101681.09000
-105666.15000 -101681.09000
-104633.22000 -101681.09000
-104025.01000 -101681.09000
-104200.20000 -101681.09000
-105926.81000 -101681.09000
-105140.02000 -101681.09000
-105150.07000 -101681.09000
-103499.08000 -101681.09000
-103351.03000 -101681.09000
-103894.61000 -101681.09000
-103701.19000 -101681.09000
-104861.00000 -101681.09000
-104376.00000 -101681.09000
-104953.70000 -101681.09000
-106114.28000 -101681.09000
-105546.93000 -101681.09000
-105829.19000 -101681.09000
-104879.00000 -101681.09000
-104709.03000 -101681.09000
-104406.63000 -101681.09000
-103670.49000 -101681.09000
-105705.53000 -101681.09000
-104699.63000 -101681.09000
-105052.54000 -101681.09000
-104763.69000 -101681.09000
-104602.04000 -101681.09000
-104273.89000 -101681.09000
-105533.43000 -101681.09000
-104863.53000 -101681.09000
-104072.56000 -101681.09000
-102952.38000 -101681.09000
-104601.21000 -101681.09000
-105136.71000 -101681.09000
-103893.58000 -101681.09000
-106425.07000 -101681.09000
-103956.66000 -101681.09000
-103276.65000 -101681.09000
-104126.49000 -101681.09000
-103683.30000 -101681.09000
-103219.23000 -101681.09000
-104764.26000 -101681.09000
-103424.31000 -101681.09000
-103233.72000 -101681.09000
-105546.75000 -101681.09000
-104151.93000 -101681.09000
-103124.12000 -101681.09000
-102163.06000 -101681.09000
-105622.61000 -101681.09000
-104987.32000 -101681.09000
-104473.80000 -101681.09000
-104897.95000 -101681.09000
-104728.14000 -101681.09000
-105827.99000 -101681.09000
-104928.08000 -101681.09000
-105351.82000 -101681.09000
-105033.71000 -101681.09000
-105483.21000 -101681.09000
-104297.77000 -101681.09000
-105456.78000 -101681.09000
-104504.66000 -101681.09000
-106198.53000 -101681.09000
-105810.17000 -101681.09000
-104437.45000 -101681.09000
-105062.01000 -101681.09000
-105531.79000 -101681.09000
-105029.12000 -101681.09000
-105323.56000 -101681.09000
-103643.96000 -101681.09000
-104397.13000 -101681.09000
-104619.98000 -101681.09000
-104689.39000 -101681.09000
-107215.42000 -101681.09000
-103600.07000 -101681.09000
-105044.94000 -101681.09000
-104547.52000 -101681.09000
-105212.98000 -101681.09000
-107818.35000 -101681.09000
-103200.34000 -101681.09000
-103891.60000 -101681.09000
-103782.72000 -101681.09000
-104933.96000 -101681.09000
-102804.03000 -101681.09000
-103966.51000 -101681.09000
-108041.78000 -101681.09000
-104438.51000 -101681.09000
-102928.85000 -101681.09000
-107169.80000 -101681.09000
-104381.85000 -101681.09000
-104371.24000 -101681.09000
-105498.83000 -101681.09000
-104667.49000 -101681.09000
-105193.65000 -101681.09000
-103868.89000 -101681.09000
-105138.33000 -101681.09000
-103908.93000 -101681.09000
-104966.31000 -101681.09000
-104705.74000 -101681.09000
-105060.16000 -101681.09000
-104854.31000 -101681.09000
-105379.74000 -101681.09000
-102888.73000 -101681.09000
-103604.50000 -101681.09000
-103710.08000 -101681.09000
-103818.23000 -101681.09000
-103867.26000 -101681.09000
-105659.18000 -101681.09000
-104768.00000 -101681.09000
-106039.79000 -101681.09000
-80744.09000 -80714.76000
-81255.26000 -80714.76000
-80570.90000 -80570.90000
-80513.64000 -80513.64000
-80386.65000 -80386.65000
-79751.27000 -79751.27000
-81309.65000 -79751.27000
-82198.11000 -79751.27000
-80644.03000 -79751.27000
-79558.82000 -79558.82000
-80650.95000 -79558.82000
-80630.05000 -79558.82000
-80692.59000 -79558.82000
-79864.38000 -79558.82000
-80618.89000 -79558.82000
-80501.65000 -79558.82000
-82516.36000 -79558.82000
-80486.84000 -79558.82000
-80897.56000 -79558.82000
-80220.55000 -79558.82000
-80860.26000 -79558.82000
-80807.69000 -79558.82000
-81612.78000 -79558.82000
-80428.78000 -79558.82000
-80651.00000 -79558.82000
-81684.26000 -79558.82000
-81480.49000 -79558.82000
-82540.94000 -79558.82000
-79932.34000 -79558.82000
-80283.41000 -79558.82000
-80441.30000 -79558.82000
-81641.04000 -79558.82000
-80827.37000 -79558.82000
-79877.17000 -79558.82000
-80516.63000 -79558.82000
-80696.79000 -79558.82000
-79999.51000 -79558.82000
-82134.94000 -79558.82000
-79620.80000 -79558.82000
-79875.27000 -79558.82000
-80585.10000 -79558.82000
-80302.14000 -79558.82000
-80149.72000 -79558.82000
-81978.63000 -79558.82000
-82110.55000 -79558.82000
-82592.18000 -79558.82000
-82011.88000 -79558.82000
-81175.87000 -79558.82000
-79918.84000 -79558.82000
-81717.53000 -79558.82000
-79400.12000 -79400.12000
-80481.55000 -79400.12000
-80234.45000 -79400.12000
-81454.51000 -79400.12000
-82760.03000 -79400.12000
-80577.77000 -79400.12000
-80467.55000 -79400.12000
-84132.64000 -79400.12000
-81383.05000 -79400.12000
-82070.62000 -79400.12000
-80974.28000 -79400.12000
-81187.42000 -79400.12000
-81346.52000 -79400.12000
-80405.19000 -79400.12000
-81510.07000 -79400.12000
-79995.58000 -79400.12000
-81982.58000 -79400.12000
-80762.01000 -79400.12000
-80573.88000 -79400.12000
-80398.27000 -79400.12000
-81053.27000 -79400.12000
-79825.64000 -79400.12000
-80073.12000 -79400.12000
-80642.31000 -79400.12000
-79596.54000 -79400.12000
-79851.44000 -79400.12000
-80138.20000 -79400.12000
-80547.65000 -79400.12000
-79938.97000 -79400.12000
-80395.27000 -79400.12000
-81460.44000 -79400.12000
-80991.21000 -79400.12000
-80765.29000 -79400.12000
-81087.75000 -79400.12000
-79460.75000 -79400.12000
-81442.18000 -79400.12000
-80510.18000 -79400.12000
-79996.20000 -79400.12000
-83132.93000 -79400.12000
-81663.48000 -79400.12000
-80444.33000 -79400.12000
-80279.24000 -79400.12000
-80404.42000 -79400.12000
-80518.07000 -79400.12000
-80348.33000 -79400.12000
-82715.23000 -79400.12000
-81216.31000 -79400.12000
-80552.40000 -79400.12000
-80169.38000 -79400.12000
-80829.66000 -79400.12000
-79488.09000 -79400.12000
-80803.49000 -79400.12000
-80768.48000 -79400.12000
-81300.72000 -79400.12000
-80353.74000 -79400.12000
-80871.79000 -79400.12000
-81397.26000 -79400.12000
-80508.25000 -79400.12000
-81146.01000 -79400.12000
-80090.69000 -79400.12000
-81432.19000 -79400.12000
-80719.40000 -79400.12000
-80944.94000 -79400.12000
-80604.90000 -79400.12000
-80000.83000 -79400.12000
-79981.72000 -79400.12000
-81352.70000 -79400.12000
-80489.47000 -79400.12000
-80259.96000 -79400.12000
-79871.82000 -79400.12000
-79683.90000 -79400.12000
-80856.31000 -79400.12000
-81723.57000 -79400.12000
-81204.26000 -79400.12000
-80537.30000 -79400.12000
-82781.12000 -79400.12000
-81620.10000 -79400.12000
-80484.32000 -79400.12000
-81069.33000 -79400.12000
-80882.39000 -79400.12000
-83347.01000 -79400.12000
-82577.97000 -79400.12000
-83159.18000 -79400.12000
-81364.45000 -79400.12000
-80356.63000 -79400.12000
-81965.05000 -79400.12000
-80919.00000 -79400.12000
-80754.17000 -79400.12000
-81211.59000 -79400.12000
-79118.30000 -79118.30000
-81310.85000 -79118.30000
-80594.13000 -79118.30000
-81700.09000 -79118.30000
-81273.91000 -79118.30000
-80914.16000 -79118.30000
-79907.60000 -79118.30000
-82070.26000 -79118.30000
-80064.61000 -79118.30000
-80698.10000 -79118.30000
-79747.70000 -79118.30000
-62420.95000 -61941.83000
-61669.29000 -61669.29000
-63059.23000 -61669.29000
-63419.61000 -61669.29000
-62785.23000 -61669.29000
-62917.52000 -61669.29000
-62060.71000 -61669.29000
-62620.60000 -61669.29000
-62985.89000 -61669.29000
-63293.84000 -61669.29000
-62750.19000 -61669.29000
-62604.28000 -61669.29000
-62052.89000 -61669.29000
-62950.43000 -61669.29000
-62427.71000 -61669.29000
-62976.10000 -61669.29000
-62801.49000 -61669.29000
-62472.81000 -61669.29000
-62092.24000 -61669.29000
-62667.53000 -61669.29000
-63046.02000 -61669.29000
-63186.89000 -61669.29000
-63424.45000 -61669.29000
-62804.88000 -61669.29000
-63342.19000 -61669.29000
-63951.41000 -61669.29000
-63392.27000 -61669.29000
-62344.72000 -61669.29000
-62627.42000 -61669.29000
-62373.98000 -61669.29000
-62856.63000 -61669.29000
-63868.82000 -61669.29000
-62979.03000 -61669.29000
-62270.95000 -61669.29000
-62800.68000 -61669.29000
-63051.72000 -61669.29000
-61855.90000 -61669.29000
-62926.23000 -61669.29000
-62298.01000 -61669.29000
-62361.93000 -61669.29000
-62841.09000 -61669.29000
-62554.30000 -61669.29000
-63015.77000 -61669.29000
-63190.60000 -61669.29000
-62764.32000 -61669.29000
-61994.77000 -61669.29000
-61971.71000 -61669.29000
-62405.99000 -61669.29000
-62135.11000 -61669.29000
-63740.38000 -61669.29000
-63591.95000 -61669.29000
-62152.39000 -61669.29000
-61719.40000 -61669.29000
-62970.75000 -61669.29000
-62663.77000 -61669.29000
-62699.74000 -61669.29000
-62285.05000 -61669.29000
-63330.78000 -61669.29000
-63152.50000 -61669.29000
-62888.27000 -61669.29000
-62841.46000 -61669.29000
-63020.02000 -61669.29000
-63152.76000 -61669.29000
-63819.59000 -61669.29000
-62625.57000 -61669.29000
-62276.74000 -61669.29000
-62261.43000 -61669.29000
-62169.10000 -61669.29000
-63868.64000 -61669.29000
-62637.85000 -61669.29000
-63518.17000 -61669.29000
-63299.86000 -61669.29000
-62635.12000 -61669.29000
-62952.44000 -61669.29000
-62355.35000 -61669.29000
-63317.50000 -61669.29000
-62849.81000 -61669.29000
-63525.47000 -61669.29000
-62132.86000 -61669.29000
-62890.29000 -61669.29000
-62503.62000 -61669.29000
-62279.44000 -61669.29000
-62859.25000 -61669.29000
-62636.05000 -61669.29000
-62581.76000 -61669.29000
-62938.04000 -61669.29000
-61568.57000 -61568.57000
-63228.96000 -61568.57000
-62882.17000 -61568.57000
-62628.73000 -61568.57000
-62147.37000 -61568.57000
-61832.77000 -61568.57000
-62276.78000 -61568.57000
-62174.18000 -61568.57000
-62657.93000 -61568.57000
-62370.62000 -61568.57000
-62246.64000 -61568.57000
-61674.94000 -61568.57000
-62438.67000 -61568.57000
-62324.51000 -61568.57000
-62116.34000 -61568.57000
-62960.79000 -61568.57000
-62330.22000 -61568.57000
-62405.40000 -61568.57000
-62642.16000 -61568.57000
-62231.74000 -61568.57000
-62234.59000 -61568.57000
-62099.59000 -61568.57000
-62949.59000 -61568.57000
-62873.77000 -61568.57000
-62615.43000 -61568.57000
-63143.54000 -61568.57000
-62502.90000 -61568.57000
-62258.90000 -61568.57000
-62820.50000 -61568.57000
-62409.05000 -61568.57000
-62685.82000 -61568.57000
-62319.23000 -61568.57000
-61963.67000 -61568.57000
-62657.41000 -61568.57000
-61818.88000 -61568.57000
-62693.28000 -61568.57000
-62108.49000 -61568.57000
-61623.79000 -61568.57000
-62467.40000 -61568.57000
-62154.06000 -61568.57000
-61634.89000 -61568.57000
-63366.29000 -61568.57000
-62919.63000 -61568.57000
-62864.36000 -61568.57000
-62506.56000 -61568.57000
-62661.12000 -61568.57000
-62691.72000 -61568.57000
-62726.97000 -61568.57000
-62647.14000 -61568.57000
-63478.82000 -61568.57000
-62987.66000 -61568.57000
-62768.09000 -61568.57000
-62475.97000 -61568.57000
-62394.94000 -61568.57000
-62206.28000 -61568.57000
-62228.14000 -61568.57000
-62441.88000 -61568.57000
-62888.65000 -61568.57000
-62746.70000 -61568.57000
-62003.39000 -61568.57000
-62854.34000 -61568.57000
-62087.10000 -61568.57000
-61432.16000 -61432.16000
-61304.22000 -61304.22000
-47603.13000 -47603.13000
-48549.46000 -47603.13000
-48852.20000 -47603.13000
-47790.74000 -47603.13000
-47794.93000 -47603.13000
-48614.67000 -47603.13000
-47781.75000 -47603.13000
-47806.00000 -47603.13000
-48322.13000 -47603.13000
-48108.60000 -47603.13000
-49134.76000 -47603.13000
-48735.26000 -47603.13000
-48817.56000 -47603.13000
-48029.30000 -47603.13000
-48595.63000 -47603.13000
-48468.71000 -47603.13000
-48243.24000 -47603.13000
-47666.09000 -47603.13000
-47999.11000 -47603.13000
-47244.82000 -47244.82000
-48024.28000 -47244.82000
-49165.03000 -47244.82000
-48287.08000 -47244.82000
-48952.70000 -47244.82000
-47912.04000 -47244.82000
-47786.69000 -47244.82000
-47189.19000 -47189.19000
-48381.16000 -47189.19000
-47516.62000 -47189.19000
-47550.91000 -47189.19000
-47983.22000 -47189.19000
-47824.77000 -47189.19000
-47835.18000 -47189.19000
-47432.63000 -47189.19000
-48379.89000 -47189.19000
-47872.58000 -47189.19000
-47491.93000 -47189.19000
-47675.47000 -47189.19000
-48425.22000 -47189.19000
-47863.78000 -47189.19000
-47563.04000 -47189.19000
-48586.52000 -47189.19000
-47516.05000 -47189.19000
-47373.21000 -47189.19000
-47482.58000 -47189.19000
-47870.90000 -47189.19000
-48064.11000 -47189.19000
-47718.10000 -47189.19000
-48319.25000 -47189.19000
-47415.06000 -47189.19000
-48160.25000 -47189.19000
-48011.63000 -47189.19000
-47604.87000 -47189.19000
-48296.44000 -47189.19000
-48283.78000 -47189.19000
-47851.82000 -47189.19000
-47838.06000 -47189.19000
-47666.94000 -47189.19000
-48562.87000 -47189.19000
-48511.87000 -47189.19000
-48215.88000 -47189.19000
-47845.77000 -47189.19000
-47841.76000 -47189.19000
-47153.62000 -47153.62000
-49180.22000 -47153.62000
-47200.15000 -47153.62000
-48427.78000 -47153.62000
-47910.75000 -47153.62000
-47452.39000 -47153.62000
-47347.22000 -47153.62000
-49057.88000 -47153.62000
-48077.36000 -47153.62000
-47642.81000 -47153.62000
-48528.79000 -47153.62000
-48629.17000 -47153.62000
-47255.36000 -47153.62000
-47998.16000 -47153.62000
-47954.51000 -47153.62000
-49027.02000 -47153.62000
-48969.02000 -47153.62000
-47698.82000 -47153.62000
-47540.77000 -47153.62000
-49528.18000 -47153.62000
-49311.34000 -47153.62000
-47554.16000 -47153.62000
-48638.79000 -47153.62000
-47951.74000 -47153.62000
-48145.12000 -47153.62000
-49688.60000 -47153.62000
-47914.43000 -47153.62000
-47634.68000 -47153.62000
-48325.80000 -47153.62000
-49196.96000 -47153.62000
-47648.78000 -47153.62000
-49251.43000 -47153.62000
-47841.02000 -47153.62000
-49205.78000 -47153.62000
-48485.59000 -47153.62000
-49034.13000 -47153.62000
-47831.54000 -47153.62000
-48186.90000 -47153.62000
-49418.83000 -47153.62000
-48113.62000 -47153.62000
-47530.45000 -47153.62000
-49419.65000 -47153.62000
-49296.75000 -47153.62000
-47950.42000 -47153.62000
-48274.47000 -47153.62000
-48347.45000 -47153.62000
-47803.19000 -47153.62000
-47418.82000 -47153.62000
-48108.08000 -47153.62000
-49043.33000 -47153.62000
-47274.35000 -47153.62000
-47669.82000 -47153.62000
-48528.83000 -47153.62000
-49032.37000 -47153.62000
-48892.71000 -47153.62000
-47837.74000 -47153.62000
-49440.85000 -47153.62000
-47816.91000 -47153.62000
-47307.80000 -47153.62000
-47414.42000 -47153.62000
-47986.08000 -47153.62000
-47212.09000 -47153.62000
-48305.48000 -47153.62000
-47476.99000 -47153.62000
-48671.45000 -47153.62000
-49516.52000 -47153.62000
-47530.48000 -47153.62000
-49670.16000 -47153.62000
-48194.78000 -47153.62000
-47465.59000 -47153.62000
-49490.15000 -47153.62000
-47165.91000 -47153.62000
-48001.55000 -47153.62000
-48111.32000 -47153.62000
-48522.77000 -47153.62000
-47575.63000 -47153.62000
-47654.26000 -47153.62000
-47514.23000 -47153.62000
-49179.24000 -47153.62000
-49328.88000 -47153.62000
-47655.51000 -47153.62000
-47787.13000 -47153.62000
-47316.66000 -47153.62000
-47822.80000 -47153.62000
-49249.23000 -47153.62000
-49644.41000 -47153.62000
-49307.33000 -47153.62000
-38070.30000 -37103.99000
-37596.60000 -37103.99000
-38301.00000 -37103.99000
-37928.17000 -37103.99000
-37493.44000 -37103.99000
-37796.45000 -37103.99000
-37862.44000 -37103.99000
-37809.15000 -37103.99000
-37670.27000 -37103.99000
-37739.13000 -37103.99000
-37609.74000 -37103.99000
-37999.36000 -37103.99000
-37421.29000 -37103.99000
-37905.01000 -37103.99000
-37427.71000 -37103.99000
-37571.96000 -37103.99000
-37698.16000 -37103.99000
-37548.63000 -37103.99000
-37705.90000 -37103.99000
-37658.53000 -37103.99000
-37482.56000 -37103.99000
-38039.45000 -37103.99000
-37356.41000 -37103.99000
-37183.65000 -37103.99000
-38238.35000 -37103.99000
-37634.77000 -37103.99000
-37641.35000 -37103.99000
-37754.90000 -37103.99000
-37741.51000 -37103.99000
-38185.73000 -37103.99000
-37926.09000 -37103.99000
-37443.73000 -37103.99000
-37877.45000 -37103.99000
-37224.79000 -37103.99000
-37226.31000 -37103.99000
-37833.06000 -37103.99000
-37679.94000 -37103.99000
-37613.61000 -37103.99000
-37671.12000 -37103.99000
-37643.15000 -37103.99000
-38495.19000 -37103.99000
-37998.32000 -37103.99000
-37739.64000 -37103.99000
-37958.50000 -37103.99000
-37293.83000 -37103.99000
-38669.28000 -37103.99000
-37330.22000 -37103.99000
-38265.15000 -37103.99000
-38344.60000 -37103.99000
-37713.07000 -37103.99000
-38025.65000 -37103.99000
-38192.61000 -37103.99000
-37652.56000 -37103.99000
-37844.93000 -37103.99000
-38173.09000 -37103.99000
-38210.88000 -37103.99000
-38000.63000 -37103.99000
-38073.28000 -37103.99000
-38076.29000 -37103.99000
-37776.08000 -37103.99000
-38065.35000 -37103.99000
-37635.43000 -37103.99000
-37678.46000 -37103.99000
-37149.94000 -37103.99000
-37797.43000 -37103.99000
-37120.16000 -37103.99000
-37678.11000 -37103.99000
-37561.50000 -37103.99000
-37937.75000 -37103.99000
-37458.21000 -37103.99000
-38054.76000 -37103.99000
-37697.41000 -37103.99000
-37851.01000 -37103.99000
-37610.87000 -37103.99000
-37864.20000 -37103.99000
-38275.11000 -37103.99000
-38262.57000 -37103.99000
-37907.19000 -37103.99000
-38102.49000 -37103.99000
-38122.47000 -37103.99000
-37339.32000 -37103.99000
-38309.72000 -37103.99000
-37796.35000 -37103.99000
-37267.60000 -37103.99000
-37780.40000 -37103.99000
-37373.58000 -37103.99000
-37235.16000 -37103.99000
-37938.29000 -37103.99000
-37438.63000 -37103.99000
-38776.68000 -37103.99000
-37791.78000 -37103.99000
-37485.37000 -37103.99000
-37422.82000 -37103.99000
-38348.55000 -37103.99000
-37849.91000 -37103.99000
-37625.86000 -37103.99000
-38026.46000 -37103.99000
-37618.28000 -37103.99000
-38141.79000 -37103.99000
-37799.59000 -37103.99000
-37598.19000 -37103.99000
-37288.67000 -37103.99000
-37936.43000 -37103.99000
-38000.27000 -37103.99000
-37774.09000 -37103.99000
-37489.11000 -37103.99000
-38101.80000 -37103.99000
-37113.80000 -37103.99000
-37634.97000 -37103.99000
-38043.39000 -37103.99000
-37841.88000 -37103.99000
-37055.13000 -37055.13000
-37197.67000 -37055.13000
-37145.14000 -37055.13000
-37526.44000 -37055.13000
-37175.32000 -37055.13000
-37825.41000 -37055.13000
-37943.35000 -37055.13000
-37866.61000 -37055.13000
-37121.33000 -37055.13000
-37302.41000 -37055.13000
-37622.14000 -37055.13000
-38183.62000 -37055.13000
-37925.09000 -37055.13000
-37177.91000 -37055.13000
-37783.07000 -37055.13000
-37283.60000 -37055.13000
-37525.79000 -37055.13000
-37173.65000 -37055.13000
-38039.96000 -37055.13000
-37524.90000 -37055.13000
-37434.92000 -37055.13000
-37533.49000 -37055.13000
-37239.03000 -37055.13000
-37668.56000 -37055.13000
-37700.96000 -37055.13000
-37894.62000 -37055.13000
-38080.47000 -37055.13000
-37877.07000 -37055.13000
-37556.68000 -37055.13000
-37670.29000 -37055.13000
-37785.39000 -37055.13000
-38095.91000 -37055.13000
-37835.35000 -37055.13000
-37555.26000 -37055.13000
-37673.77000 -37055.13000
-37849.30000 -37055.13000
-37994.31000 -37055.13000
-37187.61000 -37055.13000
-37300.50000 -37055.13000
-28990.92000 -28990.92000
-28755.47000 -28755.47000
-29145.37000 -28755.47000
-28996.22000 -28755.47000
-28926.49000 -28755.47000
-28826.26000 -28755.47000
-28665.22000 -28665.22000
-29447.92000 -28665.22000
-28838.70000 -28665.22000
-28791.43000 -28665.22000
-28807.26000 -28665.22000
-28808.51000 -28665.22000
-28721.02000 -28665.22000
-29111.97000 -28665.22000
-28896.03000 -28665.22000
-28811.00000 -28665.22000
-28604.33000 -28604.33000
-28544.08000 -28544.08000
-29597.00000 -28544.08000
-28628.63000 -28544.08000
-29047.49000 -28544.08000
-29494.71000 -28544.08000
-29173.34000 -28544.08000
-28961.30000 -28544.08000
-29175.23000 -28544.08000
-28422.55000 -28422.55000
-29061.54000 -28422.55000
-28665.37000 -28422.55000
-28837.38000 -28422.55000
-28705.91000 -28422.55000
-28722.28000 -28422.55000
-28839.89000 -28422.55000
-29216.70000 -28422.55000
-29207.25000 -28422.55000
-29212.37000 -28422.55000
-29266.39000 -28422.55000
-28913.17000 -28422.55000
-28974.75000 -28422.55000
-29259.12000 -28422.55000
-28747.72000 -28422.55000
-29152.99000 -28422.55000
-28775.92000 -28422.55000
-28852.74000 -28422.55000
-29379.62000 -28422.55000
-29278.01000 -28422.55000
-28770.04000 -28422.55000
-29523.87000 -28422.55000
-29297.71000 -28422.55000
-29027.43000 -28422.55000
-29345.65000 -28422.55000
-28706.62000 -28422.55000
-29421.43000 -28422.55000
-28848.25000 -28422.55000
-29312.89000 -28422.55000
-28875.84000 -28422.55000
-29259.17000 -28422.55000
-28739.55000 -28422.55000
-29185.83000 -28422.55000
-28776.67000 -28422.55000
-29120.64000 -28422.55000
-29147.40000 -28422.55000
-28658.27000 -28422.55000
-28880.98000 -28422.55000
-28903.83000 -28422.55000
-29152.84000 -28422.55000
-29542.53000 -28422.55000
-28989.03000 -28422.55000
-28886.01000 -28422.55000
-29399.60000 -28422.55000
-29025.43000 -28422.55000
-29472.39000 -28422.55000
-29178.69000 -28422.55000
-29872.11000 -28422.55000
-29000.25000 -28422.55000
-28567.43000 -28422.55000
-28609.38000 -28422.55000
-29178.36000 -28422.55000
-29122.09000 -28422.55000
-28683.41000 -28422.55000
-28867.68000 -28422.55000
-29220.36000 -28422.55000
-29453.49000 -28422.55000
-29248.51000 -28422.55000
-29483.76000 -28422.55000
-28624.48000 -28422.55000
-29320.15000 -28422.55000
-29469.41000 -28422.55000
-28837.13000 -28422.55000
-28910.94000 -28422.55000
-29090.76000 -28422.55000
-28827.74000 -28422.55000
-29244.18000 -28422.55000
-29474.06000 -28422.55000
-28542.23000 -28422.55000
-28553.27000 -28422.55000
-28973.15000 -28422.55000
-28534.80000 -28422.55000
-29025.43000 -28422.55000
-28931.09000 -28422.55000
-29302.55000 -28422.55000
-29319.32000 -28422.55000
-28886.96000 -28422.55000
-28758.38000 -28422.55000
-28862.13000 -28422.55000
-28902.58000 -28422.55000
-28764.68000 -28422.55000
-29516.74000 -28422.55000
-29218.26000 -28422.55000
-29460.36000 -28422.55000
-29340.47000 -28422.55000
-29032.90000 -28422.55000
-28871.72000 -28422.55000
-28850.28000 -28422.55000
-29277.47000 -28422.55000
-29272.00000 -28422.55000
-29228.65000 -28422.55000
-28747.41000 -28422.55000
-28810.41000 -28422.55000
-28920.65000 -28422.55000
-28862.19000 -28422.55000
-29802.32000 -28422.55000
-28802.71000 -28422.55000
-29122.48000 -28422.55000
-28741.64000 -28422.55000
-29542.24000 -28422.55000
-29504.77000 -28422.55000
-28908.66000 -28422.55000
-29116.98000 -28422.55000
-29475.19000 -28422.55000
-29097.31000 -28422.55000
-28899.24000 -28422.55000
-28637.89000 -28422.55000
-29113.97000 -28422.55000
-29680.09000 -28422.55000
-29075.37000 -28422.55000
-28948.69000 -28422.55000
-28957.44000 -28422.55000
-29242.36000 -28422.55000
-28666.84000 -28422.55000
-28818.36000 -28422.55000
-29075.48000 -28422.55000
-29137.89000 -28422.55000
-28753.28000 -28422.55000
-29237.20000 -28422.55000
-28717.58000 -28422.55000
-29127.08000 -28422.55000
-28879.53000 -28422.55000
-28679.15000 -28422.55000
-29407.89000 -28422.55000
-28791.24000 -28422.55000
-22454.77000 -22163.24000
-22386.22000 -22163.24000
-22377.14000 -22163.24000
-22465.40000 -22163.24000
-22991.83000 -22163.24000
-22889.58000 -22163.24000
-22579.53000 -22163.24000
-22907.09000 -22163.24000
-22557.70000 -22163.24000
-22441.05000 -22163.24000
-22450.67000 -22163.24000
-22312.85000 -22163.24000
-22764.44000 -22163.24000
-22380.98000 -22163.24000
-22566.42000 -22163.24000
-22538.82000 -22163.24000
-22443.28000 -22163.24000
-22675.26000 -22163.24000
-22396.06000 -22163.24000
-22539.44000 -22163.24000
-22651.81000 -22163.24000
-22541.11000 -22163.24000
-22907.00000 -22163.24000
-22589.43000 -22163.24000
-22614.95000 -22163.24000
-22349.87000 -22163.24000
-22474.92000 -22163.24000
-22573.79000 -22163.24000
-22414.95000 -22163.24000
-22430.69000 -22163.24000
-22394.99000 -22163.24000
-22486.48000 -22163.24000
-22461.78000 -22163.24000
-22868.60000 -22163.24000
-22708.70000 -22163.24000
-22589.94000 -22163.24000
-22423.38000 -22163.24000
-22240.73000 -22163.24000
-22724.96000 -22163.24000
-22466.23000 -22163.24000
-22387.95000 -22163.24000
-22467.44000 -22163.24000
-22391.46000 -22163.24000
-22522.99000 -22163.24000
-22966.38000 -22163.24000
-22273.05000 -22163.24000
-22986.76000 -22163.24000
-22784.44000 -22163.24000
-22567.19000 -22163.24000
-22694.66000 -22163.24000
-22477.15000 -22163.24000
-22267.18000 -22163.24000
-22650.23000 -22163.24000
-22791.66000 -22163.24000
-22580.77000 -22163.24000
-22546.22000 -22163.24000
-22648.17000 -22163.24000
-22591.57000 -22163.24000
-22310.57000 -22163.24000
-23135.32000 -22163.24000
-22299.88000 -22163.24000
-22324.34000 -22163.24000
-22967.15000 -22163.24000
-22886.68000 -22163.24000
-22332.12000 -22163.24000
-22385.31000 -22163.24000
-22376.30000 -22163.24000
-22535.45000 -22163.24000
-22807.00000 -22163.24000
-22788.28000 -22163.24000
-22744.33000 -22163.24000
-22340.96000 -22163.24000
-22575.71000 -22163.24000
-22563.69000 -22163.24000
-22694.16000 -22163.24000
-22346.39000 -22163.24000
-22430.50000 -22163.24000
-22689.22000 -22163.24000
-22613.35000 -22163.24000
-22599.86000 -22163.24000
-22413.89000 -22163.24000
-22646.77000 -22163.24000
-22262.27000 -22163.24000
-22394.82000 -22163.24000
-22407.53000 -22163.24000
-22832.49000 -22163.24000
-22886.14000 -22163.24000
-22444.16000 -22163.24000
-22744.94000 -22163.24000
-22807.01000 -22163.24000
-22622.14000 -22163.24000
-22193.49000 -22163.24000
-22499.89000 -22163.24000
-22459.94000 -22163.24000
-22661.48000 -22163.24000
-22742.43000 -22163.24000
-22950.29000 -22163.24000
-22817.28000 -22163.24000
-22346.14000 -22163.24000
-22042.86000 -22042.86000
-22443.53000 -22042.86000
-22505.67000 -22042.86000
-22346.84000 -22042.86000
-22335.06000 -22042.86000
-22658.80000 -22042.86000
-22237.22000 -22042.86000
-22396.35000 -22042.86000
-22424.15000 -22042.86000
-22336.27000 -22042.86000
-22373.15000 -22042.86000
-22323.58000 -22042.86000
-22541.09000 -22042.86000
-22591.53000 -22042.86000
-22233.44000 -22042.86000
-22539.49000 -22042.86000
-22417.90000 -22042.86000
-22201.92000 -22042.86000
-22861.05000 -22042.86000
-22662.10000 -22042.86000
-22578.80000 -22042.86000
-22065.29000 -22042.86000
-22369.90000 -22042.86000
-22587.25000 -22042.86000
-22608.24000 -22042.86000
-22503.87000 -22042.86000
-22577.09000 -22042.86000
-22684.23000 -22042.86000
-22398.93000 -22042.86000
-22280.66000 -22042.86000
-22518.03000 -22042.86000
-22325.97000 -22042.86000
-22659.09000 -22042.86000
-22371.07000 -22042.86000
-22409.70000 -22042.86000
-22566.35000 -22042.86000
-22423.74000 -22042.86000
-22268.64000 -22042.86000
-22346.29000 -22042.86000
-22356.08000 -22042.86000
-22288.37000 -22042.86000
-22247.51000 -22042.86000
-22907.44000 -22042.86000
-22244.91000 -22042.86000
-22222.61000 -22042.86000
-22283.40000 -22042.86000
-22340.08000 -22042.86000
-22510.24000 -22042.86000
-23019.77000 -22042.86000
-22363.89000 -22042.86000
-22621.27000 -22042.86000
-17460.02000 -17033.49000
-17625.34000 -17033.49000
-17361.42000 -17033.49000
-17928.13000 -17033.49000
-17489.96000 -17033.49000
-17435.29000 -17033.49000
-17186.34000 -17033.49000
-17374.58000 -17033.49000
-17537.62000 -17033.49000
-17510.93000 -17033.49000
-17117.54000 -17033.49000
-17593.07000 -17033.49000
-17479.86000 -17033.49000
-17619.13000 -17033.49000
-17627.24000 -17033.49000
-17214.24000 -17033.49000
-17417.02000 -17033.49000
-17679.85000 -17033.49000
-17320.35000 -17033.49000
-17500.93000 -17033.49000
-17581.02000 -17033.49000
-17537.91000 -17033.49000
-17282.14000 -17033.49000
-17347.29000 -17033.49000
-17396.68000 -17033.49000
-17445.65000 -17033.49000
-17385.02000 -17033.49000
-17260.98000 -17033.49000
-17356.53000 -17033.49000
-17314.74000 -17033.49000
-17069.01000 -17033.49000
-17154.14000 -17033.49000
-17354.50000 -17033.49000
-17367.73000 -17033.49000
-17312.94000 -17033.49000
-17642.32000 -17033.49000
-17677.88000 -17033.49000
-17659.34000 -17033.49000
-17133.60000 -17033.49000
-17217.75000 -17033.49000
-17259.60000 -17033.49000
-17598.13000 -17033.49000
-17835.24000 -17033.49000
-17617.54000 -17033.49000
-17481.86000 -17033.49000
-17298.70000 -17033.49000
-17668.64000 -17033.49000
-17424.81000 -17033.49000
-17586.18000 -17033.49000
-17229.17000 -17033.49000
-17424.28000 -17033.49000
-17445.56000 -17033.49000
-17320.34000 -17033.49000
-17499.85000 -17033.49000
-17304.63000 -17033.49000
-17580.12000 -17033.49000
-17622.71000 -17033.49000
-17533.28000 -17033.49000
-17448.91000 -17033.49000
-17503.39000 -17033.49000
-17318.83000 -17033.49000
-17336.51000 -17033.49000
-17580.19000 -17033.49000
-17242.14000 -17033.49000
-17385.41000 -17033.49000
-17432.46000 -17033.49000
-17571.82000 -17033.49000
-17231.41000 -17033.49000
-17345.56000 -17033.49000
-17163.30000 -17033.49000
-17411.14000 -17033.49000
-17248.04000 -17033.49000
-17381.31000 -17033.49000
-17465.94000 -17033.49000
-17033.13000 -17033.13000
-17202.44000 -17033.13000
-17169.31000 -17033.13000
-17448.34000 -17033.13000
-17302.68000 -17033.13000
-17295.65000 -17033.13000
-17044.44000 -17033.13000
-17270.06000 -17033.13000
-17444.34000 -17033.13000
-17449.09000 -17033.13000
-17227.32000 -17033.13000
-17596.44000 -17033.13000
-17098.32000 -17033.13000
-17460.83000 -17033.13000
-17406.06000 -17033.13000
-17364.94000 -17033.13000
-17167.05000 -17033.13000
-17288.33000 -17033.13000
-17447.23000 -17033.13000
-17094.68000 -17033.13000
-17495.42000 -17033.13000
-17864.29000 -17033.13000
-17341.00000 -17033.13000
-17311.94000 -17033.13000
-17421.77000 -17033.13000
-17352.35000 -17033.13000
-17393.36000 -17033.13000
-17441.23000 -17033.13000
-17485.86000 -17033.13000
-17479.67000 -17033.13000
-17118.18000 -17033.13000
-17225.24000 -17033.13000
-17480.56000 -17033.13000
-17033.44000 -17033.44000
-17354.90000 -17033.44000
-17348.58000 -17033.44000
-17356.88000 -17033.44000
-17220.33000 -17033.44000
-17582.03000 -17033.44000
-17486.41000 -17033.44000
-17117.45000 -17033.44000
-17413.53000 -17033.44000
-17383.23000 -17033.44000
-17482.62000 -17033.44000
-17132.63000 -17033.44000
-17352.83000 -17033.44000
-17300.32000 -17033.44000
-17209.05000 -17033.44000
-17297.72000 -17033.44000
-17431.31000 -17033.44000
-17284.80000 -17033.44000
-17260.75000 -17033.44000
-17361.79000 -17033.44000
-17422.46000 -17033.44000
-17268.58000 -17033.44000
-17384.77000 -17033.44000
-17168.58000 -17033.44000
-17022.26000 -17022.26000
-17378.24000 -17022.26000
-17310.28000 -17022.26000
-17258.28000 -17022.26000
-17448.85000 -17022.26000
-17706.88000 -17022.26000
-16992.21000 -16992.21000
-17281.76000 -16992.21000
-17290.87000 -16992.21000
-17312.15000 -16992.21000
-17167.61000 -16992.21000
-17236.19000 -16992.21000
-17196.68000 -16992.21000
-17216.25000 -16992.21000
-17207.34000 -16992.21000
-17370.49000 -16992.21000
-17401.88000 -16992.21000
-17303.16000 -16992.21000
-17259.28000 -16992.21000
-13678.63000 -13390.01000
-13597.16000 -13390.01000
-13555.89000 -13390.01000
-13605.36000 -13390.01000
-13535.86000 -13390.01000
-13583.22000 -13390.01000
-13446.93000 -13390.01000
-13475.00000 -13390.01000
-13335.27000 -13335.27000
-13665.30000 -13335.27000
-13630.76000 -13335.27000
-13444.68000 -13335.27000
-13276.16000 -13276.16000
-13343.27000 -13276.16000
-13530.12000 -13276.16000
-13473.14000 -13276.16000
-13541.50000 -13276.16000
-13320.20000 -13276.16000
-13471.39000 -13276.16000
-13679.78000 -13276.16000
-13315.14000 -13276.16000
-13467.66000 -13276.16000
-13612.92000 -13276.16000
-13406.20000 -13276.16000
-13402.78000 -13276.16000
-13349.05000 -13276.16000
-13595.45000 -13276.16000
-13503.08000 -13276.16000
-13662.33000 -13276.16000
-13530.18000 -13276.16000
-13372.91000 -13276.16000
-13586.36000 -13276.16000
-13533.54000 -13276.16000
-13428.98000 -13276.16000
-13314.61000 -13276.16000
-13375.21000 -13276.16000
-13260.95000 -13260.95000
-13510.47000 -13260.95000
-13507.82000 -13260.95000
-13558.03000 -13260.95000
-13373.01000 -13260.95000
-13453.51000 -13260.95000
-13452.78000 -13260.95000
-13446.74000 -13260.95000
-13429.83000 -13260.95000
-13280.65000 -13260.95000
-13647.26000 -13260.95000
-13445.18000 -13260.95000
-13476.59000 -13260.95000
-13390.42000 -13260.95000
-13432.87000 -13260.95000
-13739.32000 -13260.95000
-13331.21000 -13260.95000
-13575.48000 -13260.95000
-13675.04000 -13260.95000
-13533.00000 -13260.95000
-13505.41000 -13260.95000
-13488.56000 -13260.95000
-13611.78000 -13260.95000
-13746.60000 -13260.95000
-13479.74000 -13260.95000
-13440.88000 -13260.95000
-13529.73000 -13260.95000
-13476.89000 -13260.95000
-13499.27000 -13260.95000
-13691.08000 -13260.95000
-13294.12000 -13260.95000
-13164.98000 -13164.98000
-13487.13000 -13164.98000
-13247.90000 -13164.98000
-13451.44000 -13164.98000
-13351.63000 -13164.98000
-13250.73000 -13164.98000
-13416.17000 -13164.98000
-13265.26000 -13164.98000
-13254.64000 -13164.98000
-13256.91000 -13164.98000
-13214.13000 -13164.98000
-13298.10000 -13164.98000
-13252.69000 -13164.98000
-13262.47000 -13164.98000
-13302.92000 -13164.98000
-13457.92000 -13164.98000
-13355.74000 -13164.98000
-13272.51000 -13164.98000
-13337.13000 -13164.98000
-13306.79000 -13164.98000
-13296.52000 -13164.98000
-13233.43000 -13164.98000
-13200.27000 -13164.98000
-13245.13000 -13164.98000
-13174.90000 -13164.98000
-13223.86000 -13164.98000
-13304.17000 -13164.98000
-13399.66000 -13164.98000
-13453.19000 -13164.98000
-13382.05000 -13164.98000
-13350.29000 -13164.98000
-13454.92000 -13164.98000
-13420.31000 -13164.98000
-13409.42000 -13164.98000
-13518.95000 -13164.98000
-13233.79000 -13164.98000
-13197.65000 -13164.98000
-13560.72000 -13164.98000
-13388.87000 -13164.98000
-13095.97000 -13095.97000
-13444.31000 -13095.97000
-13431.29000 -13095.97000
-13029.90000 -13029.90000
-13253.39000 -13029.90000
-13229.89000 -13029.90000
-13122.19000 -13029.90000
-13112.41000 -13029.90000
-13235.30000 -13029.90000
-13437.27000 -13029.90000
-13010.22000 -13010.22000
-13225.94000 -13010.22000
-13280.03000 -13010.22000
-13377.53000 -13010.22000
-13277.89000 -13010.22000
-13144.96000 -13010.22000
-13305.24000 -13010.22000
-13418.95000 -13010.22000
-13081.64000 -13010.22000
-13250.26000 -13010.22000
-13190.48000 -13010.22000
-13252.08000 -13010.22000
-13203.82000 -13010.22000
-13299.21000 -13010.22000
-13227.23000 -13010.22000
-13333.94000 -13010.22000
-13246.91000 -13010.22000
-13212.93000 -13010.22000
-13350.77000 -13010.22000
-13256.30000 -13010.22000
-13279.14000 -13010.22000
-13087.11000 -13010.22000
-13201.89000 -13010.22000
-13563.89000 -13010.22000
-13230.53000 -13010.22000
-13269.54000 -13010.22000
-13264.72000 -13010.22000
-13534.45000 -13010.22000
-13338.63000 -13010.22000
-13179.73000 -13010.22000
-13303.79000 -13010.22000
-13418.07000 -13010.22000
-13419.33000 -13010.22000
-13295.82000 -13010.22000
