
samples_per_chain:,500
burnin:,0.25
num params:,13
initial_proposed_vec:,[1.87711155e+00 2.05538362e+00 1.13948546e-01 1.42618632e+00
 2.59269961e+00 9.24636295e-01 2.63042273e+00 2.54331280e+00
 4.76732434e-06 9.01984066e-01 6.30990005e-01 2.56525260e-01
 4.66342379e-01]
stepsize_vec:,[3.e-01 3.e-01 3.e-01 3.e-01 3.e-01 3.e-01 3.e-01 3.e-01 2.e-07 1.e-01
 2.e-01 1.e-01 1.e-01]
step_ratio_vec:,[0.1 0.1 0.1 0.1 0.1 0.1 0.1 0.1 0.1 0.1 0.1 0.1 0.1]
swap interval:,50
sim interval:,[      0.  250000.  500000.  750000. 1000000.]
likelihood_sed (T/F):,True
erodep_coords:,[[42 10]
 [39  8]
 [75 51]
 [59 13]
 [40  5]
 [ 6 20]
 [14 66]
 [ 4 40]
 [72 73]
 [46 64]]
sed scaling factor:,50
samples_per_chain:,500
burnin:,0.25
num params:,13
initial_proposed_vec:,[1.87711155e+00 2.05538362e+00 1.13948546e-01 1.42618632e+00
 2.59269961e+00 9.24636295e-01 2.63042273e+00 2.54331280e+00
 4.76732434e-06 9.01984066e-01 6.30990005e-01 2.56525260e-01
 4.66342379e-01]
stepsize_vec:,[3.e-01 3.e-01 3.e-01 3.e-01 3.e-01 3.e-01 3.e-01 3.e-01 2.e-07 1.e-01
 2.e-01 1.e-01 1.e-01]
step_ratio_vec:,[0.1 0.1 0.1 0.1 0.1 0.1 0.1 0.1 0.1 0.1 0.1 0.1 0.1]
swap interval:,50
sim interval:,[      0.  250000.  500000.  750000. 1000000.]
likelihood_sed (T/F):,True
erodep_coords:,[[42 10]
 [39  8]
 [75 51]
 [59 13]
 [40  5]
 [ 6 20]
 [14 66]
 [ 4 40]
 [72 73]
 [46 64]]
sed scaling factor:,50
samples_per_chain:,500
burnin:,0.25
num params:,13
initial_proposed_vec:,[1.87711155e+00 2.05538362e+00 1.13948546e-01 1.42618632e+00
 2.59269961e+00 9.24636295e-01 2.63042273e+00 2.54331280e+00
 4.76732434e-06 9.01984066e-01 6.30990005e-01 2.56525260e-01
 4.66342379e-01]
stepsize_vec:,[3.e-01 3.e-01 3.e-01 3.e-01 3.e-01 3.e-01 3.e-01 3.e-01 2.e-07 1.e-01
 2.e-01 1.e-01 1.e-01]
step_ratio_vec:,[0.1 0.1 0.1 0.1 0.1 0.1 0.1 0.1 0.1 0.1 0.1 0.1 0.1]
swap interval:,50
sim interval:,[      0.  250000.  500000.  750000. 1000000.]
likelihood_sed (T/F):,True
erodep_coords:,[[42 10]
 [39  8]
 [75 51]
 [59 13]
 [40  5]
 [ 6 20]
 [14 66]
 [ 4 40]
 [72 73]
 [46 64]]
sed scaling factor:,50
samples_per_chain:,500
burnin:,0.25
num params:,13
initial_proposed_vec:,[1.87711155e+00 2.05538362e+00 1.13948546e-01 1.42618632e+00
 2.59269961e+00 9.24636295e-01 2.63042273e+00 2.54331280e+00
 4.76732434e-06 9.01984066e-01 6.30990005e-01 2.56525260e-01
 4.66342379e-01]
stepsize_vec:,[3.e-01 3.e-01 3.e-01 3.e-01 3.e-01 3.e-01 3.e-01 3.e-01 2.e-07 1.e-01
 2.e-01 1.e-01 1.e-01]
step_ratio_vec:,[0.1 0.1 0.1 0.1 0.1 0.1 0.1 0.1 0.1 0.1 0.1 0.1 0.1]
swap interval:,50
sim interval:,[      0.  250000.  500000.  750000. 1000000.]
likelihood_sed (T/F):,True
erodep_coords:,[[42 10]
 [39  8]
 [75 51]
 [59 13]
 [40  5]
 [ 6 20]
 [14 66]
 [ 4 40]
 [72 73]
 [46 64]]
sed scaling factor:,50
samples_per_chain:,500
burnin:,0.25
num params:,13
initial_proposed_vec:,[1.87711155e+00 2.05538362e+00 1.13948546e-01 1.42618632e+00
 2.59269961e+00 9.24636295e-01 2.63042273e+00 2.54331280e+00
 4.76732434e-06 9.01984066e-01 6.30990005e-01 2.56525260e-01
 4.66342379e-01]
stepsize_vec:,[3.e-01 3.e-01 3.e-01 3.e-01 3.e-01 3.e-01 3.e-01 3.e-01 2.e-07 1.e-01
 2.e-01 1.e-01 1.e-01]
step_ratio_vec:,[0.1 0.1 0.1 0.1 0.1 0.1 0.1 0.1 0.1 0.1 0.1 0.1 0.1]
swap interval:,50
sim interval:,[      0.  250000.  500000.  750000. 1000000.]
likelihood_sed (T/F):,True
erodep_coords:,[[42 10]
 [39  8]
 [75 51]
 [59 13]
 [40  5]
 [ 6 20]
 [14 66]
 [ 4 40]
 [72 73]
 [46 64]]
sed scaling factor:,50
samples_per_chain:,500
burnin:,0.25
num params:,13
initial_proposed_vec:,[1.87711155e+00 2.05538362e+00 1.13948546e-01 1.42618632e+00
 2.59269961e+00 9.24636295e-01 2.63042273e+00 2.54331280e+00
 4.76732434e-06 9.01984066e-01 6.30990005e-01 2.56525260e-01
 4.66342379e-01]
stepsize_vec:,[3.e-01 3.e-01 3.e-01 3.e-01 3.e-01 3.e-01 3.e-01 3.e-01 2.e-07 1.e-01
 2.e-01 1.e-01 1.e-01]
step_ratio_vec:,[0.1 0.1 0.1 0.1 0.1 0.1 0.1 0.1 0.1 0.1 0.1 0.1 0.1]
swap interval:,50
sim interval:,[      0.  250000.  500000.  750000. 1000000.]
likelihood_sed (T/F):,True
erodep_coords:,[[42 10]
 [39  8]
 [75 51]
 [59 13]
 [40  5]
 [ 6 20]
 [14 66]
 [ 4 40]
 [72 73]
 [46 64]]
sed scaling factor:,50
samples_per_chain:,500
burnin:,0.25
num params:,13
initial_proposed_vec:,[1.87711155e+00 2.05538362e+00 1.13948546e-01 1.42618632e+00
 2.59269961e+00 9.24636295e-01 2.63042273e+00 2.54331280e+00
 4.76732434e-06 9.01984066e-01 6.30990005e-01 2.56525260e-01
 4.66342379e-01]
stepsize_vec:,[3.e-01 3.e-01 3.e-01 3.e-01 3.e-01 3.e-01 3.e-01 3.e-01 2.e-07 1.e-01
 2.e-01 1.e-01 1.e-01]
step_ratio_vec:,[0.1 0.1 0.1 0.1 0.1 0.1 0.1 0.1 0.1 0.1 0.1 0.1 0.1]
swap interval:,50
sim interval:,[      0.  250000.  500000.  750000. 1000000.]
likelihood_sed (T/F):,True
erodep_coords:,[[42 10]
 [39  8]
 [75 51]
 [59 13]
 [40  5]
 [ 6 20]
 [14 66]
 [ 4 40]
 [72 73]
 [46 64]]
sed scaling factor:,50
samples_per_chain:,500
burnin:,0.25
num params:,13
initial_proposed_vec:,[1.87711155e+00 2.05538362e+00 1.13948546e-01 1.42618632e+00
 2.59269961e+00 9.24636295e-01 2.63042273e+00 2.54331280e+00
 4.76732434e-06 9.01984066e-01 6.30990005e-01 2.56525260e-01
 4.66342379e-01]
stepsize_vec:,[3.e-01 3.e-01 3.e-01 3.e-01 3.e-01 3.e-01 3.e-01 3.e-01 2.e-07 1.e-01
 2.e-01 1.e-01 1.e-01]
step_ratio_vec:,[0.1 0.1 0.1 0.1 0.1 0.1 0.1 0.1 0.1 0.1 0.1 0.1 0.1]
swap interval:,50
sim interval:,[      0.  250000.  500000.  750000. 1000000.]
likelihood_sed (T/F):,True
erodep_coords:,[[42 10]
 [39  8]
 [75 51]
 [59 13]
 [40  5]
 [ 6 20]
 [14 66]
 [ 4 40]
 [72 73]
 [46 64]]
sed scaling factor:,50
samples_per_chain:,500
burnin:,0.25
num params:,13
initial_proposed_vec:,[1.87711155e+00 2.05538362e+00 1.13948546e-01 1.42618632e+00
 2.59269961e+00 9.24636295e-01 2.63042273e+00 2.54331280e+00
 4.76732434e-06 9.01984066e-01 6.30990005e-01 2.56525260e-01
 4.66342379e-01]
stepsize_vec:,[3.e-01 3.e-01 3.e-01 3.e-01 3.e-01 3.e-01 3.e-01 3.e-01 2.e-07 1.e-01
 2.e-01 1.e-01 1.e-01]
step_ratio_vec:,[0.1 0.1 0.1 0.1 0.1 0.1 0.1 0.1 0.1 0.1 0.1 0.1 0.1]
swap interval:,50
sim interval:,[      0.  250000.  500000.  750000. 1000000.]
likelihood_sed (T/F):,True
erodep_coords:,[[42 10]
 [39  8]
 [75 51]
 [59 13]
 [40  5]
 [ 6 20]
 [14 66]
 [ 4 40]
 [72 73]
 [46 64]]
sed scaling factor:,50
samples_per_chain:,500
burnin:,0.25
num params:,13
initial_proposed_vec:,[1.87711155e+00 2.05538362e+00 1.13948546e-01 1.42618632e+00
 2.59269961e+00 9.24636295e-01 2.63042273e+00 2.54331280e+00
 4.76732434e-06 9.01984066e-01 6.30990005e-01 2.56525260e-01
 4.66342379e-01]
stepsize_vec:,[3.e-01 3.e-01 3.e-01 3.e-01 3.e-01 3.e-01 3.e-01 3.e-01 2.e-07 1.e-01
 2.e-01 1.e-01 1.e-01]
step_ratio_vec:,[0.1 0.1 0.1 0.1 0.1 0.1 0.1 0.1 0.1 0.1 0.1 0.1 0.1]
swap interval:,50
sim interval:,[      0.  250000.  500000.  750000. 1000000.]
likelihood_sed (T/F):,True
erodep_coords:,[[42 10]
 [39  8]
 [75 51]
 [59 13]
 [40  5]
 [ 6 20]
 [14 66]
 [ 4 40]
 [72 73]
 [46 64]]
sed scaling factor:,50