-125688.43000 -108430.91000
-121221.76000 -108430.91000
-122470.56000 -108430.91000
-119969.55000 -108430.91000
-116015.22000 -108430.91000
-120202.99000 -108430.91000
-119495.45000 -108430.91000
-126680.79000 -108430.91000
-121275.73000 -108430.91000
-125748.73000 -108430.91000
-125977.01000 -108430.91000
-120198.97000 -108430.91000
-120413.38000 -108430.91000
-115896.42000 -108430.91000
-126101.77000 -108430.91000
-118950.83000 -108430.91000
-122788.12000 -108430.91000
-123669.93000 -108430.91000
-122367.67000 -108430.91000
-123472.19000 -108430.91000
-123024.60000 -108430.91000
-123583.66000 -108430.91000
-124843.55000 -108430.91000
-122125.93000 -108430.91000
-110840.13000 -108430.91000
-117719.47000 -108430.91000
-122880.79000 -108430.91000
-124683.14000 -108430.91000
-123630.75000 -108430.91000
-120385.79000 -108430.91000
-125574.01000 -108430.91000
-126212.74000 -108430.91000
-124023.81000 -108430.91000
-115420.12000 -108430.91000
-120048.01000 -108430.91000
-124493.36000 -108430.91000
-118032.65000 -108430.91000
-116140.30000 -108430.91000
-117432.46000 -108430.91000
-124887.99000 -108430.91000
-124158.98000 -108430.91000
-125836.24000 -108430.91000
-126909.41000 -108430.91000
-120013.87000 -108430.91000
-131007.91000 -108430.91000
-124240.24000 -108430.91000
-115201.74000 -108430.91000
-121891.81000 -108430.91000
-120844.90000 -108430.91000
-122154.12000 -108430.91000
-126767.15000 -108430.91000
-121553.88000 -108430.91000
-122003.87000 -108430.91000
-123890.76000 -108430.91000
-123671.24000 -108430.91000
-121961.05000 -108430.91000
-125112.06000 -108430.91000
-125102.73000 -108430.91000
-119399.27000 -108430.91000
-123841.94000 -108430.91000
-119676.61000 -108430.91000
-122949.09000 -108430.91000
-122169.69000 -108430.91000
-119429.89000 -108430.91000
-123210.95000 -108430.91000
-124474.89000 -108430.91000
-122474.71000 -108430.91000
-124622.04000 -108430.91000
-125574.00000 -108430.91000
-114265.96000 -108430.91000
-120782.39000 -108430.91000
-121301.98000 -108430.91000
-125029.97000 -108430.91000
-124103.42000 -108430.91000
-122559.19000 -108430.91000
-122895.47000 -108430.91000
-123416.24000 -108430.91000
-113109.41000 -108430.91000
-121819.67000 -108430.91000
-123853.51000 -108430.91000
-110734.16000 -108430.91000
-122849.03000 -108430.91000
-117352.81000 -108430.91000
-125421.37000 -108430.91000
-122411.04000 -108430.91000
-126922.19000 -108430.91000
-125880.75000 -108430.91000
-119704.35000 -108430.91000
-124295.50000 -108430.91000
-124090.27000 -108430.91000
-122931.33000 -108430.91000
-106668.09000 -106668.09000
-123930.08000 -106668.09000
-126210.49000 -106668.09000
-122303.48000 -106668.09000
-119449.53000 -106668.09000
-124545.34000 -106668.09000
-121547.60000 -106668.09000
-116744.56000 -106668.09000
-121835.57000 -106668.09000
-121473.71000 -106668.09000
-122054.24000 -106668.09000
-125500.25000 -106668.09000
-120261.47000 -106668.09000
-115724.94000 -106668.09000
-112520.88000 -106668.09000
-123617.58000 -106668.09000
-122268.63000 -106668.09000
-124746.81000 -106668.09000
-124703.43000 -106668.09000
-120735.99000 -106668.09000
-122921.36000 -106668.09000
-125904.13000 -106668.09000
-125625.63000 -106668.09000
-114888.74000 -106668.09000
-122987.39000 -106668.09000
-126528.55000 -106668.09000
-119416.36000 -106668.09000
-120192.40000 -106668.09000
-122184.12000 -106668.09000
-124830.39000 -106668.09000
-119853.15000 -106668.09000
-123188.06000 -106668.09000
-122410.76000 -106668.09000
-122565.19000 -106668.09000
-122335.23000 -106668.09000
-123089.18000 -106668.09000
-126174.04000 -106668.09000
-125528.97000 -106668.09000
-124932.22000 -106668.09000
-119491.38000 -106668.09000
-116089.90000 -106668.09000
-122226.70000 -106668.09000
-122268.58000 -106668.09000
-122764.48000 -106668.09000
-120918.73000 -106668.09000
-113872.08000 -106668.09000
-123323.68000 -106668.09000
-123472.95000 -106668.09000
-117027.50000 -106668.09000
-124618.64000 -106668.09000
-116292.00000 -106668.09000
-124735.34000 -106668.09000
-121088.69000 -106668.09000
-113933.01000 -106668.09000
-122398.20000 -106668.09000
-120046.97000 -106668.09000
-122265.37000 -106668.09000
-124040.13000 -106668.09000
-123090.18000 -106668.09000
-120104.84000 -106668.09000
-113617.26000 -106668.09000
-125058.78000 -106668.09000
-122611.53000 -106668.09000
-120846.70000 -106668.09000
-117428.78000 -106668.09000
-121451.07000 -106668.09000
-124249.35000 -106668.09000
-117115.91000 -106668.09000
-109096.08000 -106668.09000
-121872.48000 -106668.09000
-125065.85000 -106668.09000
-121729.23000 -106668.09000
-114886.82000 -106668.09000
-122100.40000 -106668.09000
-121002.79000 -106668.09000
-124165.50000 -106668.09000
-121778.20000 -106668.09000
-125245.06000 -106668.09000
-125929.57000 -106668.09000
-119719.39000 -106668.09000
-119740.99000 -106668.09000
-123113.08000 -106668.09000
-119143.31000 -106668.09000
-118018.54000 -106668.09000
-122364.94000 -106668.09000
-119809.77000 -106668.09000
-126219.82000 -106668.09000
-115503.82000 -106668.09000
-123163.12000 -106668.09000
-122257.52000 -106668.09000
-114041.04000 -106668.09000
-122189.63000 -106668.09000
-122613.67000 -106668.09000
-120644.27000 -106668.09000
-114896.21000 -106668.09000
-111498.66000 -106668.09000
-124054.56000 -106668.09000
-118872.26000 -106668.09000
-120001.38000 -106668.09000
-114299.37000 -106668.09000
-121354.85000 -106668.09000
-120773.15000 -106668.09000
-119770.10000 -106668.09000
-117631.58000 -106668.09000
-121139.57000 -106668.09000
-125084.27000 -106668.09000
-121454.33000 -106668.09000
-121127.02000 -106668.09000
-123948.51000 -106668.09000
-122763.31000 -106668.09000
-122796.85000 -106668.09000
-122711.37000 -106668.09000
-120544.30000 -106668.09000
-124993.78000 -106668.09000
-113478.76000 -106668.09000
-124420.95000 -106668.09000
-117344.55000 -106668.09000
-120965.13000 -106668.09000
-121660.16000 -106668.09000
-122847.99000 -106668.09000
-128049.05000 -106668.09000
-120064.09000 -106668.09000
-121308.52000 -106668.09000
-112328.16000 -106668.09000
-120262.85000 -106668.09000
-122277.50000 -106668.09000
-122056.19000 -106668.09000
-122711.25000 -106668.09000
-122757.53000 -106668.09000
-118882.64000 -106668.09000
-122271.16000 -106668.09000
-123578.57000 -106668.09000
-119311.45000 -106668.09000
-120461.48000 -106668.09000
-123513.46000 -106668.09000
-122985.74000 -106668.09000
-116691.24000 -106668.09000
-118031.85000 -106668.09000
-120493.61000 -106668.09000
-115452.38000 -106668.09000
-124147.93000 -106668.09000
-116028.10000 -106668.09000
-125604.05000 -106668.09000
-124841.27000 -106668.09000
-122101.98000 -106668.09000
-126258.70000 -106668.09000
-120357.18000 -106668.09000
-124996.58000 -106668.09000
-113564.16000 -106668.09000
-122613.55000 -106668.09000
-109696.14000 -106668.09000
-119612.27000 -106668.09000
-123734.90000 -106668.09000
-123315.25000 -106668.09000
-118403.03000 -106668.09000
-126210.52000 -106668.09000
-123325.68000 -106668.09000
-115980.98000 -106668.09000
-117250.07000 -106668.09000
-119753.38000 -106668.09000
-121733.98000 -106668.09000
-111355.50000 -106668.09000
-122412.92000 -106668.09000
-122182.95000 -106668.09000
-122410.19000 -106668.09000
-122373.52000 -106668.09000
-117389.83000 -106668.09000
-124270.13000 -106668.09000
-126078.80000 -106668.09000
-122462.60000 -106668.09000
-111401.64000 -106668.09000
-119450.33000 -106668.09000
-119960.28000 -106668.09000
-122917.06000 -106668.09000
-119905.37000 -106668.09000
-122335.69000 -106668.09000
-121428.46000 -106668.09000
-117137.94000 -106668.09000
-118632.23000 -106668.09000
-123915.23000 -106668.09000
-121481.96000 -106668.09000
-124281.68000 -106668.09000
-116948.81000 -106668.09000
-118698.72000 -106668.09000
-124584.51000 -106668.09000
-123064.82000 -106668.09000
-113336.44000 -106668.09000
-120693.25000 -106668.09000
-122221.35000 -106668.09000
-120355.20000 -106668.09000
-120012.41000 -106668.09000
-122232.76000 -106668.09000
-125570.44000 -106668.09000
-124024.00000 -106668.09000
-121249.50000 -106668.09000
-122944.85000 -106668.09000
-123502.04000 -106668.09000
-114106.58000 -106668.09000
-119045.78000 -106668.09000
-122638.44000 -106668.09000
-122747.25000 -106668.09000
-123192.80000 -106668.09000
-122981.92000 -106668.09000
-120936.34000 -106668.09000
-110181.10000 -106668.09000
-125509.14000 -106668.09000
-124206.78000 -106668.09000
-122090.06000 -106668.09000
-115033.89000 -106668.09000
-121394.14000 -106668.09000
-121333.43000 -106668.09000
-119349.59000 -106668.09000
-120063.94000 -106668.09000
-117750.76000 -106668.09000
-126399.82000 -106668.09000
-113218.70000 -106668.09000
-120136.06000 -106668.09000
-120897.91000 -106668.09000
-117872.38000 -106668.09000
-121853.48000 -106668.09000
-120578.17000 -106668.09000
-124083.67000 -106668.09000
-125350.79000 -106668.09000
-122194.42000 -106668.09000
-121025.56000 -106668.09000
-122277.21000 -106668.09000
-118870.99000 -106668.09000
-125296.80000 -106668.09000
-122945.24000 -106668.09000
-114106.46000 -106668.09000
-118106.48000 -106668.09000
-126780.50000 -106668.09000
-121556.58000 -106668.09000
-125828.23000 -106668.09000
-120521.81000 -106668.09000
-118050.33000 -106668.09000
-121415.83000 -106668.09000
-113779.74000 -106668.09000
-122737.41000 -106668.09000
-124056.61000 -106668.09000
-116459.19000 -106668.09000
-121616.17000 -106668.09000
-119764.83000 -106668.09000
-126762.92000 -106668.09000
-125843.27000 -106668.09000
-121448.14000 -106668.09000
-117783.85000 -106668.09000
-123334.20000 -106668.09000
-111892.71000 -106668.09000
-119334.56000 -106668.09000
-123198.13000 -106668.09000
-113734.91000 -106668.09000
-117805.90000 -106668.09000
-122096.18000 -106668.09000
-125878.07000 -106668.09000
-124332.82000 -106668.09000
-123604.31000 -106668.09000
-121742.25000 -106668.09000
-124708.30000 -106668.09000
-126248.67000 -106668.09000
-122418.80000 -106668.09000
-121253.36000 -106668.09000
-116893.51000 -106668.09000
-122502.51000 -106668.09000
-120242.28000 -106668.09000
-113920.68000 -106668.09000
-121452.55000 -106668.09000
-123204.95000 -106668.09000
-119000.04000 -106668.09000
-121352.28000 -106668.09000
-114288.81000 -106668.09000
-118615.77000 -106668.09000
-117302.93000 -106668.09000
-120619.92000 -106668.09000
-118984.85000 -106668.09000
-123924.38000 -106668.09000
-122543.42000 -106668.09000
-122165.72000 -106668.09000
-118707.59000 -106668.09000
-122923.75000 -106668.09000
-121470.96000 -106668.09000
-116284.53000 -106668.09000
-120917.26000 -106668.09000
-120685.47000 -106668.09000
-98977.28000 -90044.97000
-98512.89000 -90044.97000
-94722.67000 -90044.97000
-95429.08000 -90044.97000
-96915.00000 -90044.97000
-97784.97000 -90044.97000
-95475.70000 -90044.97000
-97773.23000 -90044.97000
-93380.29000 -90044.97000
-97255.36000 -90044.97000
-92176.71000 -90044.97000
-91810.58000 -90044.97000
-96736.34000 -90044.97000
-95205.14000 -90044.97000
-96769.16000 -90044.97000
-94907.12000 -90044.97000
-94739.27000 -90044.97000
-95091.79000 -90044.97000
-96392.40000 -90044.97000
-87930.91000 -87930.91000
-88497.19000 -87930.91000
-98719.51000 -87930.91000
-98309.44000 -87930.91000
-99932.74000 -87930.91000
-94873.80000 -87930.91000
-96457.95000 -87930.91000
-97805.59000 -87930.91000
-93487.14000 -87930.91000
-94307.09000 -87930.91000
-92863.46000 -87930.91000
-89958.74000 -87930.91000
-91860.35000 -87930.91000
-96731.04000 -87930.91000
-93895.94000 -87930.91000
-97874.38000 -87930.91000
-89368.28000 -87930.91000
-95166.48000 -87930.91000
-93531.50000 -87930.91000
-96869.10000 -87930.91000
-86264.79000 -86264.79000
-95810.86000 -86264.79000
-93660.55000 -86264.79000
-92485.71000 -86264.79000
-92860.33000 -86264.79000
-91908.67000 -86264.79000
-95201.86000 -86264.79000
-97224.53000 -86264.79000
-94571.65000 -86264.79000
-93144.61000 -86264.79000
-92747.96000 -86264.79000
-96400.36000 -86264.79000
-92330.59000 -86264.79000
-92392.96000 -86264.79000
-96739.70000 -86264.79000
-92637.37000 -86264.79000
-96961.52000 -86264.79000
-99162.47000 -86264.79000
-98186.02000 -86264.79000
-93405.62000 -86264.79000
-98001.67000 -86264.79000
-94731.46000 -86264.79000
-95321.66000 -86264.79000
-95752.16000 -86264.79000
-88485.89000 -86264.79000
-89370.15000 -86264.79000
-95548.19000 -86264.79000
-89330.00000 -86264.79000
-93322.30000 -86264.79000
-92316.35000 -86264.79000
-96690.87000 -86264.79000
-93855.04000 -86264.79000
-96786.81000 -86264.79000
-92864.09000 -86264.79000
-89113.71000 -86264.79000
-97113.02000 -86264.79000
-94159.31000 -86264.79000
-90564.09000 -86264.79000
-85094.31000 -85094.31000
-94880.35000 -85094.31000
-94803.05000 -85094.31000
-88588.62000 -85094.31000
-95345.16000 -85094.31000
-93632.00000 -85094.31000
-90056.58000 -85094.31000
-92861.29000 -85094.31000
-91627.63000 -85094.31000
-91389.59000 -85094.31000
-94529.13000 -85094.31000
-96111.28000 -85094.31000
-83040.61000 -83040.61000
-95192.67000 -83040.61000
-95548.55000 -83040.61000
-94671.31000 -83040.61000
-93151.15000 -83040.61000
-89393.69000 -83040.61000
-94232.14000 -83040.61000
-89716.72000 -83040.61000
-90191.87000 -83040.61000
-95356.89000 -83040.61000
-96735.98000 -83040.61000
-87972.12000 -83040.61000
-90506.01000 -83040.61000
-94016.91000 -83040.61000
-94277.80000 -83040.61000
-95824.36000 -83040.61000
-93543.33000 -83040.61000
-93604.04000 -83040.61000
-95963.02000 -83040.61000
-99444.77000 -83040.61000
-94019.38000 -83040.61000
-87078.91000 -83040.61000
-94366.70000 -83040.61000
-91234.59000 -83040.61000
-94268.59000 -83040.61000
-96485.80000 -83040.61000
-89228.13000 -83040.61000
-95799.53000 -83040.61000
-96953.27000 -83040.61000
-93863.01000 -83040.61000
-95988.12000 -83040.61000
-94025.81000 -83040.61000
-94762.13000 -83040.61000
-89546.73000 -83040.61000
-96168.77000 -83040.61000
-96863.83000 -83040.61000
-95588.41000 -83040.61000
-84730.20000 -83040.61000
-95932.19000 -83040.61000
-86474.28000 -83040.61000
-90009.69000 -83040.61000
-93632.37000 -83040.61000
-94681.20000 -83040.61000
-91888.75000 -83040.61000
-82664.31000 -82664.31000
-93912.39000 -82664.31000
-94244.45000 -82664.31000
-94211.43000 -82664.31000
-92649.26000 -82664.31000
-93610.06000 -82664.31000
-94672.76000 -82664.31000
-95704.72000 -82664.31000
-95026.46000 -82664.31000
-89601.09000 -82664.31000
-96799.45000 -82664.31000
-93317.71000 -82664.31000
-95399.38000 -82664.31000
-96238.15000 -82664.31000
-94087.31000 -82664.31000
-92774.67000 -82664.31000
-94137.15000 -82664.31000
-96576.24000 -82664.31000
-93098.79000 -82664.31000
-94845.82000 -82664.31000
-96910.79000 -82664.31000
-94859.44000 -82664.31000
-91959.34000 -82664.31000
-94742.47000 -82664.31000
-94357.81000 -82664.31000
-94871.99000 -82664.31000
-92478.04000 -82664.31000
-88141.54000 -82664.31000
-96357.45000 -82664.31000
-90765.40000 -82664.31000
-86804.14000 -82664.31000
-90950.88000 -82664.31000
-95523.28000 -82664.31000
-94933.84000 -82664.31000
-88007.30000 -82664.31000
-94114.24000 -82664.31000
-92078.04000 -82664.31000
-93330.39000 -82664.31000
-85169.82000 -82664.31000
-93491.25000 -82664.31000
-95156.03000 -82664.31000
-95328.15000 -82664.31000
-89536.31000 -82664.31000
-93635.34000 -82664.31000
-100012.12000 -82664.31000
-87839.68000 -82664.31000
-96167.32000 -82664.31000
-95275.41000 -82664.31000
-96644.22000 -82664.31000
-95257.88000 -82664.31000
-94929.81000 -82664.31000
-93676.37000 -82664.31000
-86552.99000 -82664.31000
-93166.08000 -82664.31000
-94639.71000 -82664.31000
-104176.41000 -82664.31000
-85197.24000 -82664.31000
-89464.29000 -82664.31000
-94502.66000 -82664.31000
-95115.40000 -82664.31000
-94472.07000 -82664.31000
-93720.39000 -82664.31000
-90658.48000 -82664.31000
-95998.57000 -82664.31000
-93903.96000 -82664.31000
-94516.11000 -82664.31000
-95596.92000 -82664.31000
-95296.32000 -82664.31000
-98136.43000 -82664.31000
-96787.88000 -82664.31000
-92957.30000 -82664.31000
-96658.95000 -82664.31000
-89972.05000 -82664.31000
-96301.12000 -82664.31000
-95129.69000 -82664.31000
-96862.87000 -82664.31000
-95419.26000 -82664.31000
-88590.84000 -82664.31000
-97258.89000 -82664.31000
-92253.99000 -82664.31000
-94931.67000 -82664.31000
-90890.50000 -82664.31000
-94709.47000 -82664.31000
-96223.37000 -82664.31000
-95559.15000 -82664.31000
-99116.51000 -82664.31000
-90205.51000 -82664.31000
-94501.40000 -82664.31000
-97084.42000 -82664.31000
-95434.79000 -82664.31000
-93012.85000 -82664.31000
-94538.91000 -82664.31000
-96030.26000 -82664.31000
-94555.43000 -82664.31000
-95639.66000 -82664.31000
-93840.70000 -82664.31000
-93816.36000 -82664.31000
-93728.14000 -82664.31000
-94496.12000 -82664.31000
-97856.13000 -82664.31000
-95060.50000 -82664.31000
-89800.49000 -82664.31000
-86156.62000 -82664.31000
-95738.03000 -82664.31000
-91264.23000 -82664.31000
-95110.87000 -82664.31000
-87555.88000 -82664.31000
-93402.84000 -82664.31000
-102748.64000 -82664.31000
-92735.55000 -82664.31000
-95531.11000 -82664.31000
-93994.82000 -82664.31000
-93847.63000 -82664.31000
-95555.55000 -82664.31000
-89688.83000 -82664.31000
-94385.73000 -82664.31000
-93063.73000 -82664.31000
-93499.79000 -82664.31000
-92599.36000 -82664.31000
-93044.74000 -82664.31000
-96998.41000 -82664.31000
-95839.54000 -82664.31000
-94141.76000 -82664.31000
-90242.03000 -82664.31000
-94560.24000 -82664.31000
-93870.29000 -82664.31000
-96708.67000 -82664.31000
-95996.76000 -82664.31000
-91155.72000 -82664.31000
-95673.18000 -82664.31000
-94850.78000 -82664.31000
-91100.29000 -82664.31000
-97086.88000 -82664.31000
-95358.84000 -82664.31000
-94995.70000 -82664.31000
-95003.27000 -82664.31000
-92722.08000 -82664.31000
-95620.67000 -82664.31000
-93610.88000 -82664.31000
-95278.65000 -82664.31000
-90965.03000 -82664.31000
-96723.45000 -82664.31000
-95048.30000 -82664.31000
-95325.92000 -82664.31000
-93173.86000 -82664.31000
-93430.61000 -82664.31000
-94677.34000 -82664.31000
-96066.75000 -82664.31000
-94641.37000 -82664.31000
-90399.59000 -82664.31000
-92664.95000 -82664.31000
-87022.39000 -82664.31000
-81380.07000 -81380.07000
-93988.05000 -81380.07000
-95658.35000 -81380.07000
-96299.46000 -81380.07000
-93757.76000 -81380.07000
-86653.27000 -81380.07000
-94952.07000 -81380.07000
-89010.82000 -81380.07000
-93411.49000 -81380.07000
-89239.73000 -81380.07000
-95306.09000 -81380.07000
-96011.88000 -81380.07000
-95082.12000 -81380.07000
-93512.18000 -81380.07000
-94397.90000 -81380.07000
-88410.79000 -81380.07000
-92840.77000 -81380.07000
-94687.15000 -81380.07000
-92531.22000 -81380.07000
-92645.27000 -81380.07000
-93445.62000 -81380.07000
-95014.41000 -81380.07000
-90512.80000 -81380.07000
-92364.71000 -81380.07000
-94666.45000 -81380.07000
-96779.14000 -81380.07000
-102695.66000 -81380.07000
-95200.06000 -81380.07000
-93770.57000 -81380.07000
-88578.25000 -81380.07000
-94194.16000 -81380.07000
-95078.22000 -81380.07000
-95649.76000 -81380.07000
-94197.02000 -81380.07000
-96634.15000 -81380.07000
-90876.96000 -81380.07000
-95001.91000 -81380.07000
-91916.93000 -81380.07000
-94409.87000 -81380.07000
-95708.60000 -81380.07000
-93715.39000 -81380.07000
-93860.71000 -81380.07000
-89564.86000 -81380.07000
-95274.43000 -81380.07000
-93878.05000 -81380.07000
-92470.02000 -81380.07000
-99211.70000 -81380.07000
-94060.89000 -81380.07000
-93050.76000 -81380.07000
-94196.72000 -81380.07000
-94122.54000 -81380.07000
-94747.06000 -81380.07000
-94734.05000 -81380.07000
-92555.92000 -81380.07000
-94557.00000 -81380.07000
-90651.60000 -81380.07000
-94331.71000 -81380.07000
-92823.39000 -81380.07000
-95356.89000 -81380.07000
-94366.66000 -81380.07000
-94340.76000 -81380.07000
-95377.39000 -81380.07000
-95959.43000 -81380.07000
-93684.68000 -81380.07000
-87164.08000 -81380.07000
-93878.05000 -81380.07000
-95595.34000 -81380.07000
-99394.63000 -81380.07000
-95166.05000 -81380.07000
-95498.05000 -81380.07000
-96298.70000 -81380.07000
-85201.02000 -81380.07000
-95978.51000 -81380.07000
-95017.93000 -81380.07000
-95856.30000 -81380.07000
-94250.20000 -81380.07000
-93626.70000 -81380.07000
-92765.94000 -81380.07000
-89497.08000 -81380.07000
-96210.86000 -81380.07000
-92174.21000 -81380.07000
-94366.44000 -81380.07000
-91317.32000 -81380.07000
-92889.43000 -81380.07000
-94921.69000 -81380.07000
-99150.69000 -81380.07000
-94014.34000 -81380.07000
-91707.74000 -81380.07000
-92217.78000 -81380.07000
-96054.99000 -81380.07000
-75016.81000 -65998.03000
-70243.85000 -65998.03000
-74437.21000 -65998.03000
-75065.07000 -65998.03000
-62533.46000 -62533.46000
-75373.32000 -62533.46000
-74248.20000 -62533.46000
-73043.16000 -62533.46000
-74849.04000 -62533.46000
-68562.71000 -62533.46000
-72589.62000 -62533.46000
-74066.58000 -62533.46000
-68594.87000 -62533.46000
-73014.07000 -62533.46000
-73696.17000 -62533.46000
-72200.51000 -62533.46000
-72532.39000 -62533.46000
-73626.49000 -62533.46000
-73099.40000 -62533.46000
-75664.21000 -62533.46000
-73529.94000 -62533.46000
-72543.76000 -62533.46000
-72303.96000 -62533.46000
-71026.95000 -62533.46000
-71121.51000 -62533.46000
-75655.57000 -62533.46000
-72521.68000 -62533.46000
-72794.83000 -62533.46000
-71786.93000 -62533.46000
-73222.12000 -62533.46000
-73534.17000 -62533.46000
-73048.06000 -62533.46000
-74042.16000 -62533.46000
-67927.04000 -62533.46000
-70808.51000 -62533.46000
-71687.60000 -62533.46000
-71285.35000 -62533.46000
-70607.59000 -62533.46000
-67947.95000 -62533.46000
-71605.87000 -62533.46000
-73054.47000 -62533.46000
-67155.65000 -62533.46000
-68617.26000 -62533.46000
-70809.25000 -62533.46000
-71566.24000 -62533.46000
-63678.61000 -62533.46000
-72492.53000 -62533.46000
-73841.62000 -62533.46000
-75115.28000 -62533.46000
-74113.84000 -62533.46000
-71714.06000 -62533.46000
-75198.71000 -62533.46000
-74098.04000 -62533.46000
-73424.33000 -62533.46000
-71417.53000 -62533.46000
-70684.03000 -62533.46000
-73158.36000 -62533.46000
-72441.18000 -62533.46000
-74329.03000 -62533.46000
-72973.49000 -62533.46000
-74036.22000 -62533.46000
-72801.01000 -62533.46000
-73665.18000 -62533.46000
-72651.79000 -62533.46000
-73134.38000 -62533.46000
-72286.60000 -62533.46000
-70525.02000 -62533.46000
-71941.06000 -62533.46000
-67300.18000 -62533.46000
-74559.36000 -62533.46000
-75717.46000 -62533.46000
-69607.35000 -62533.46000
-72339.79000 -62533.46000
-73912.12000 -62533.46000
-73734.88000 -62533.46000
-73411.83000 -62533.46000
-72322.10000 -62533.46000
-72606.13000 -62533.46000
-74234.35000 -62533.46000
-73990.56000 -62533.46000
-70421.05000 -62533.46000
-73110.27000 -62533.46000
-70566.15000 -62533.46000
-70089.17000 -62533.46000
-74230.84000 -62533.46000
-70827.51000 -62533.46000
-72160.68000 -62533.46000
-73784.78000 -62533.46000
-70396.15000 -62533.46000
-74285.52000 -62533.46000
-71184.62000 -62533.46000
-72778.86000 -62533.46000
-63532.92000 -62533.46000
-66305.61000 -62533.46000
-72343.82000 -62533.46000
-73874.96000 -62533.46000
-70421.26000 -62533.46000
-75220.41000 -62533.46000
-68386.15000 -62533.46000
-76363.14000 -62533.46000
-71690.68000 -62533.46000
-72788.71000 -62533.46000
-72464.90000 -62533.46000
-69902.13000 -62533.46000
-69960.93000 -62533.46000
-68201.14000 -62533.46000
-73077.03000 -62533.46000
-73774.89000 -62533.46000
-72691.95000 -62533.46000
-71261.55000 -62533.46000
-74226.76000 -62533.46000
-73582.40000 -62533.46000
-73949.21000 -62533.46000
-73208.92000 -62533.46000
-74947.51000 -62533.46000
-73090.69000 -62533.46000
-71597.94000 -62533.46000
-70857.10000 -62533.46000
-72469.86000 -62533.46000
-74548.86000 -62533.46000
-73450.77000 -62533.46000
-74199.36000 -62533.46000
-67777.16000 -62533.46000
-63391.46000 -62533.46000
-69325.89000 -62533.46000
-71217.86000 -62533.46000
-68495.80000 -62533.46000
-70471.95000 -62533.46000
-71216.71000 -62533.46000
-73340.03000 -62533.46000
-70348.37000 -62533.46000
-71591.20000 -62533.46000
-75217.65000 -62533.46000
-70954.35000 -62533.46000
-73648.51000 -62533.46000
-73657.44000 -62533.46000
-72457.15000 -62533.46000
-72110.64000 -62533.46000
-70182.08000 -62533.46000
-69806.62000 -62533.46000
-71890.87000 -62533.46000
-72812.55000 -62533.46000
-72607.01000 -62533.46000
-74562.52000 -62533.46000
-73455.89000 -62533.46000
-73671.62000 -62533.46000
-73129.44000 -62533.46000
-71854.37000 -62533.46000
-74169.80000 -62533.46000
-71944.16000 -62533.46000
-74654.74000 -62533.46000
-74812.76000 -62533.46000
-74035.36000 -62533.46000
-73775.07000 -62533.46000
-73817.03000 -62533.46000
-75329.24000 -62533.46000
-71146.70000 -62533.46000
-74161.43000 -62533.46000
-72358.41000 -62533.46000
-66518.76000 -62533.46000
-72734.54000 -62533.46000
-72204.10000 -62533.46000
-69327.37000 -62533.46000
-71406.48000 -62533.46000
-70946.57000 -62533.46000
-69077.48000 -62533.46000
-74432.46000 -62533.46000
-72844.00000 -62533.46000
-71668.01000 -62533.46000
-71181.08000 -62533.46000
-74460.92000 -62533.46000
-71943.80000 -62533.46000
-66506.99000 -62533.46000
-74115.88000 -62533.46000
-71078.21000 -62533.46000
-68802.94000 -62533.46000
-64881.76000 -62533.46000
-73235.46000 -62533.46000
-74631.60000 -62533.46000
-69480.75000 -62533.46000
-71488.70000 -62533.46000
-70842.78000 -62533.46000
-71959.84000 -62533.46000
-73224.23000 -62533.46000
-71050.75000 -62533.46000
-75070.61000 -62533.46000
-73456.12000 -62533.46000
-71549.41000 -62533.46000
-70942.20000 -62533.46000
-71153.56000 -62533.46000
-73754.83000 -62533.46000
-71215.52000 -62533.46000
-73279.50000 -62533.46000
-74752.77000 -62533.46000
-75465.86000 -62533.46000
-69088.09000 -62533.46000
-71409.55000 -62533.46000
-72263.63000 -62533.46000
-69074.76000 -62533.46000
-70025.81000 -62533.46000
-72354.70000 -62533.46000
-66841.01000 -62533.46000
-73228.59000 -62533.46000
-71435.80000 -62533.46000
-74529.16000 -62533.46000
-73787.69000 -62533.46000
-73896.65000 -62533.46000
-75491.71000 -62533.46000
-71056.91000 -62533.46000
-75985.10000 -62533.46000
-73121.63000 -62533.46000
-74521.44000 -62533.46000
-71436.40000 -62533.46000
-73244.15000 -62533.46000
-74372.45000 -62533.46000
-73915.35000 -62533.46000
-73699.02000 -62533.46000
-71360.79000 -62533.46000
-70686.10000 -62533.46000
-72424.25000 -62533.46000
-69337.66000 -62533.46000
-72110.47000 -62533.46000
-72228.15000 -62533.46000
-70222.53000 -62533.46000
-71999.30000 -62533.46000
-73201.13000 -62533.46000
-74907.99000 -62533.46000
-71232.37000 -62533.46000
-71673.69000 -62533.46000
-72164.93000 -62533.46000
-61767.87000 -61767.87000
-68065.25000 -61767.87000
-72178.02000 -61767.87000
-74152.07000 -61767.87000
-73999.24000 -61767.87000
-72249.83000 -61767.87000
-64979.97000 -61767.87000
-73896.12000 -61767.87000
-72783.23000 -61767.87000
-72110.02000 -61767.87000
-70268.87000 -61767.87000
-68584.15000 -61767.87000
-73331.63000 -61767.87000
-73910.86000 -61767.87000
-70859.38000 -61767.87000
-71870.63000 -61767.87000
-74110.31000 -61767.87000
-75190.27000 -61767.87000
-71144.48000 -61767.87000
-71008.48000 -61767.87000
-76060.04000 -61767.87000
-74510.48000 -61767.87000
-73172.92000 -61767.87000
-71305.04000 -61767.87000
-75353.63000 -61767.87000
-71635.90000 -61767.87000
-66624.56000 -61767.87000
-71818.19000 -61767.87000
-74749.06000 -61767.87000
-70031.82000 -61767.87000
-68172.98000 -61767.87000
-73759.75000 -61767.87000
-73930.47000 -61767.87000
-74268.87000 -61767.87000
-74137.34000 -61767.87000
-73316.76000 -61767.87000
-74056.22000 -61767.87000
-71507.49000 -61767.87000
-71252.11000 -61767.87000
-74958.62000 -61767.87000
-71336.83000 -61767.87000
-74322.66000 -61767.87000
-74525.46000 -61767.87000
-59678.53000 -59678.53000
-74103.20000 -59678.53000
-72483.88000 -59678.53000
-75173.51000 -59678.53000
-65719.44000 -59678.53000
-73672.62000 -59678.53000
-73154.27000 -59678.53000
-73343.37000 -59678.53000
-74526.52000 -59678.53000
-74482.50000 -59678.53000
-74695.18000 -59678.53000
-70821.48000 -59678.53000
-70178.07000 -59678.53000
-74178.56000 -59678.53000
-73168.34000 -59678.53000
-72357.61000 -59678.53000
-74303.75000 -59678.53000
-74093.68000 -59678.53000
-69027.39000 -59678.53000
-75885.24000 -59678.53000
-70866.06000 -59678.53000
-71748.58000 -59678.53000
-69724.50000 -59678.53000
-74459.33000 -59678.53000
-67832.69000 -59678.53000
-71386.62000 -59678.53000
-72541.16000 -59678.53000
-73847.50000 -59678.53000
-68894.21000 -59678.53000
-72506.20000 -59678.53000
-73473.25000 -59678.53000
-65786.07000 -59678.53000
-68888.94000 -59678.53000
-68653.37000 -59678.53000
-71252.89000 -59678.53000
-72135.71000 -59678.53000
-74584.47000 -59678.53000
-71255.31000 -59678.53000
-68410.37000 -59678.53000
-73222.15000 -59678.53000
-74184.68000 -59678.53000
-73679.90000 -59678.53000
-73105.64000 -59678.53000
-73643.84000 -59678.53000
-75371.44000 -59678.53000
-76386.04000 -59678.53000
-72775.24000 -59678.53000
-72959.43000 -59678.53000
-75042.59000 -59678.53000
-76055.65000 -59678.53000
-70263.79000 -59678.53000
-73215.10000 -59678.53000
-72711.55000 -59678.53000
-67615.98000 -59678.53000
-73421.52000 -59678.53000
-71048.69000 -59678.53000
-74996.09000 -59678.53000
-67059.23000 -59678.53000
-70938.76000 -59678.53000
-73648.54000 -59678.53000
-74068.00000 -59678.53000
-69911.99000 -59678.53000
-72153.15000 -59678.53000
-72265.66000 -59678.53000
-67263.21000 -59678.53000
-74502.27000 -59678.53000
-71817.43000 -59678.53000
-73864.56000 -59678.53000
-73525.15000 -59678.53000
-73210.86000 -59678.53000
-64478.54000 -59678.53000
-73781.50000 -59678.53000
-71238.57000 -59678.53000
-67093.21000 -59678.53000
-71207.46000 -59678.53000
-71643.80000 -59678.53000
-74235.52000 -59678.53000
-72194.90000 -59678.53000
-74944.27000 -59678.53000
-69546.36000 -59678.53000
-69810.45000 -59678.53000
-75119.52000 -59678.53000
-72338.14000 -59678.53000
-71283.20000 -59678.53000
-73612.20000 -59678.53000
-67392.43000 -59678.53000
-73966.64000 -59678.53000
-76192.55000 -59678.53000
-70188.71000 -59678.53000
-72439.98000 -59678.53000
-70405.05000 -59678.53000
-73252.48000 -59678.53000
-73569.21000 -59678.53000
-73467.85000 -59678.53000
-74048.31000 -59678.53000
-73576.17000 -59678.53000
-72251.68000 -59678.53000
-66780.01000 -59678.53000
-65071.15000 -59678.53000
-70900.43000 -59678.53000
-69765.72000 -59678.53000
-70353.07000 -59678.53000
-53842.15000 -52107.33000
-57014.54000 -52107.33000
-57800.77000 -52107.33000
-56811.51000 -52107.33000
-56480.88000 -52107.33000
-57391.89000 -52107.33000
-57187.70000 -52107.33000
-55923.83000 -52107.33000
-56950.87000 -52107.33000
-58343.07000 -52107.33000
-56694.31000 -52107.33000
-57044.04000 -52107.33000
-59012.73000 -52107.33000
-57372.25000 -52107.33000
-56173.16000 -52107.33000
-54892.01000 -52107.33000
-53615.82000 -52107.33000
-57525.58000 -52107.33000
-57533.04000 -52107.33000
-57000.79000 -52107.33000
-59854.44000 -52107.33000
-57396.04000 -52107.33000
-56977.60000 -52107.33000
-57154.05000 -52107.33000
-54952.52000 -52107.33000
-55276.98000 -52107.33000
-58014.06000 -52107.33000
-54923.38000 -52107.33000
-58889.24000 -52107.33000
-56859.41000 -52107.33000
-57790.42000 -52107.33000
-57884.43000 -52107.33000
-56996.41000 -52107.33000
-56393.99000 -52107.33000
-57671.61000 -52107.33000
-57298.97000 -52107.33000
-57396.66000 -52107.33000
-58306.73000 -52107.33000
-57679.39000 -52107.33000
-57303.37000 -52107.33000
-54375.82000 -52107.33000
-57832.89000 -52107.33000
-53708.05000 -52107.33000
-56905.81000 -52107.33000
-57457.86000 -52107.33000
-55176.07000 -52107.33000
-56013.85000 -52107.33000
-58372.30000 -52107.33000
-56575.66000 -52107.33000
-57886.61000 -52107.33000
-58425.52000 -52107.33000
-55637.60000 -52107.33000
-53597.62000 -52107.33000
-54868.01000 -52107.33000
-57525.08000 -52107.33000
-53744.65000 -52107.33000
-56853.65000 -52107.33000
-58092.78000 -52107.33000
-55770.56000 -52107.33000
-55846.63000 -52107.33000
-55784.11000 -52107.33000
-58576.21000 -52107.33000
-57214.50000 -52107.33000
-54521.67000 -52107.33000
-56882.59000 -52107.33000
-56036.90000 -52107.33000
-54257.48000 -52107.33000
-56460.14000 -52107.33000
-59142.98000 -52107.33000
-56208.91000 -52107.33000
-55746.26000 -52107.33000
-59058.58000 -52107.33000
-58235.19000 -52107.33000
-53843.91000 -52107.33000
-54892.92000 -52107.33000
-57076.58000 -52107.33000
-56805.12000 -52107.33000
-58694.00000 -52107.33000
-57768.70000 -52107.33000
-58914.76000 -52107.33000
-55381.00000 -52107.33000
-56647.03000 -52107.33000
-58164.54000 -52107.33000
-58766.33000 -52107.33000
-57267.23000 -52107.33000
-58037.56000 -52107.33000
-56765.44000 -52107.33000
-55381.20000 -52107.33000
-57153.56000 -52107.33000
-57706.88000 -52107.33000
-58275.18000 -52107.33000
-57716.26000 -52107.33000
-54681.38000 -52107.33000
-57745.57000 -52107.33000
-55600.89000 -52107.33000
-56368.92000 -52107.33000
-59326.64000 -52107.33000
-56963.23000 -52107.33000
-55160.77000 -52107.33000
-57439.81000 -52107.33000
-57205.34000 -52107.33000
-58780.67000 -52107.33000
-55645.13000 -52107.33000
-56317.95000 -52107.33000
-54875.94000 -52107.33000
-57332.74000 -52107.33000
-56002.49000 -52107.33000
-57778.60000 -52107.33000
-57183.30000 -52107.33000
-56465.20000 -52107.33000
-58832.73000 -52107.33000
-54187.10000 -52107.33000
-58617.23000 -52107.33000
-54217.06000 -52107.33000
-58885.11000 -52107.33000
-58254.57000 -52107.33000
-55842.65000 -52107.33000
-60368.44000 -52107.33000
-54252.95000 -52107.33000
-57045.33000 -52107.33000
-55554.34000 -52107.33000
-57625.36000 -52107.33000
-55325.43000 -52107.33000
-55685.35000 -52107.33000
-57386.99000 -52107.33000
-57936.39000 -52107.33000
-58000.03000 -52107.33000
-56182.65000 -52107.33000
-58510.58000 -52107.33000
-56766.50000 -52107.33000
-57890.59000 -52107.33000
-58222.61000 -52107.33000
-58962.54000 -52107.33000
-58870.34000 -52107.33000
-57337.76000 -52107.33000
-57991.39000 -52107.33000
-56467.44000 -52107.33000
-57956.39000 -52107.33000
-58520.78000 -52107.33000
-58542.39000 -52107.33000
-58763.75000 -52107.33000
-55873.95000 -52107.33000
-56737.48000 -52107.33000
-56249.84000 -52107.33000
-58261.01000 -52107.33000
-57065.04000 -52107.33000
-57062.58000 -52107.33000
-55464.20000 -52107.33000
-56798.72000 -52107.33000
-57657.77000 -52107.33000
-58558.57000 -52107.33000
-58183.48000 -52107.33000
-53840.56000 -52107.33000
-56793.87000 -52107.33000
-56479.47000 -52107.33000
-55250.61000 -52107.33000
-57390.34000 -52107.33000
-56770.89000 -52107.33000
-58096.35000 -52107.33000
-56488.14000 -52107.33000
-58085.76000 -52107.33000
-56453.15000 -52107.33000
-58796.44000 -52107.33000
-57690.20000 -52107.33000
-57402.89000 -52107.33000
-58136.15000 -52107.33000
-57226.64000 -52107.33000
-55491.22000 -52107.33000
-60459.48000 -52107.33000
-58713.87000 -52107.33000
-53577.04000 -52107.33000
-59073.67000 -52107.33000
-56581.44000 -52107.33000
-58163.85000 -52107.33000
-57540.38000 -52107.33000
-57451.62000 -52107.33000
-57814.98000 -52107.33000
-58789.25000 -52107.33000
-58093.55000 -52107.33000
-58378.38000 -52107.33000
-57491.26000 -52107.33000
-55692.05000 -52107.33000
-59459.94000 -52107.33000
-53199.27000 -52107.33000
-57218.87000 -52107.33000
-58642.63000 -52107.33000
-56590.16000 -52107.33000
-54170.03000 -52107.33000
-56509.88000 -52107.33000
-58316.97000 -52107.33000
-55544.50000 -52107.33000
-55703.46000 -52107.33000
-55682.54000 -52107.33000
-56400.11000 -52107.33000
-55972.14000 -52107.33000
-58092.33000 -52107.33000
-58842.15000 -52107.33000
-57042.40000 -52107.33000
-57373.49000 -52107.33000
-58165.64000 -52107.33000
-56698.94000 -52107.33000
-51817.07000 -51817.07000
-56460.71000 -51817.07000
-55253.58000 -51817.07000
-56735.91000 -51817.07000
-56044.87000 -51817.07000
-57361.54000 -51817.07000
-56826.05000 -51817.07000
-53823.56000 -51817.07000
-55664.98000 -51817.07000
-58477.26000 -51817.07000
-56854.61000 -51817.07000
-57316.90000 -51817.07000
-58460.04000 -51817.07000
-55845.31000 -51817.07000
-57931.72000 -51817.07000
-56031.82000 -51817.07000
-57834.51000 -51817.07000
-56575.16000 -51817.07000
-57546.86000 -51817.07000
-53952.88000 -51817.07000
-57307.73000 -51817.07000
-53565.55000 -51817.07000
-55439.69000 -51817.07000
-56976.81000 -51817.07000
-56609.33000 -51817.07000
-53617.13000 -51817.07000
-56461.14000 -51817.07000
-57573.59000 -51817.07000
-57106.26000 -51817.07000
-57716.00000 -51817.07000
-55842.83000 -51817.07000
-57454.11000 -51817.07000
-58545.18000 -51817.07000
-58389.83000 -51817.07000
-56977.80000 -51817.07000
-58533.36000 -51817.07000
-58029.26000 -51817.07000
-58442.94000 -51817.07000
-57837.86000 -51817.07000
-55713.39000 -51817.07000
-54467.89000 -51817.07000
-54712.80000 -51817.07000
-57134.72000 -51817.07000
-56592.39000 -51817.07000
-57445.52000 -51817.07000
-58629.13000 -51817.07000
-57842.21000 -51817.07000
-58352.69000 -51817.07000
-55089.74000 -51817.07000
-54685.57000 -51817.07000
-55499.52000 -51817.07000
-58304.06000 -51817.07000
-59219.30000 -51817.07000
-56343.30000 -51817.07000
-57623.72000 -51817.07000
-54367.90000 -51817.07000
-55462.03000 -51817.07000
-56575.32000 -51817.07000
-58334.88000 -51817.07000
-57018.91000 -51817.07000
-56565.27000 -51817.07000
-58062.36000 -51817.07000
-58686.08000 -51817.07000
-58354.79000 -51817.07000
-57287.51000 -51817.07000
-57347.61000 -51817.07000
-58607.66000 -51817.07000
-58040.68000 -51817.07000
-59026.59000 -51817.07000
-59300.10000 -51817.07000
-58546.59000 -51817.07000
-54255.93000 -51817.07000
-58655.23000 -51817.07000
-56638.52000 -51817.07000
-55227.70000 -51817.07000
-58472.78000 -51817.07000
-57742.76000 -51817.07000
-58256.35000 -51817.07000
-56010.06000 -51817.07000
-57985.60000 -51817.07000
-57799.27000 -51817.07000
-54974.80000 -51817.07000
-58725.74000 -51817.07000
-58178.52000 -51817.07000
-58366.51000 -51817.07000
-59421.93000 -51817.07000
-55116.34000 -51817.07000
-58103.22000 -51817.07000
-53798.50000 -51817.07000
-56480.49000 -51817.07000
-58245.61000 -51817.07000
-57830.84000 -51817.07000
-54716.13000 -51817.07000
-58136.58000 -51817.07000
-54596.82000 -51817.07000
-52010.45000 -51817.07000
-53098.06000 -51817.07000
-57136.23000 -51817.07000
-57071.15000 -51817.07000
-58101.88000 -51817.07000
-57761.96000 -51817.07000
-58745.17000 -51817.07000
-57948.26000 -51817.07000
-56782.69000 -51817.07000
-56292.69000 -51817.07000
-56897.04000 -51817.07000
-59182.12000 -51817.07000
-54386.08000 -51817.07000
-52556.94000 -51817.07000
-56293.13000 -51817.07000
-56753.61000 -51817.07000
-57256.59000 -51817.07000
-58323.03000 -51817.07000
-56906.20000 -51817.07000
-57736.63000 -51817.07000
-57773.65000 -51817.07000
-56498.42000 -51817.07000
-53314.58000 -51817.07000
-58148.17000 -51817.07000
-58861.42000 -51817.07000
-57812.37000 -51817.07000
-58832.42000 -51817.07000
-57636.15000 -51817.07000
-56366.34000 -51817.07000
-56760.70000 -51817.07000
-57423.42000 -51817.07000
-55941.80000 -51817.07000
-58782.70000 -51817.07000
-56846.98000 -51817.07000
-57410.46000 -51817.07000
-56708.68000 -51817.07000
-56567.94000 -51817.07000
-57239.44000 -51817.07000
-59227.74000 -51817.07000
-57221.10000 -51817.07000
-55035.02000 -51817.07000
-57852.65000 -51817.07000
-55525.46000 -51817.07000
-54323.46000 -51817.07000
-57051.89000 -51817.07000
-57644.89000 -51817.07000
-58662.51000 -51817.07000
-57609.66000 -51817.07000
-56811.64000 -51817.07000
-56419.13000 -51817.07000
-57435.37000 -51817.07000
-58018.23000 -51817.07000
-55943.66000 -51817.07000
-58096.28000 -51817.07000
-53325.81000 -51817.07000
-56518.65000 -51817.07000
-57533.86000 -51817.07000
-55464.42000 -51817.07000
-58131.02000 -51817.07000
-57943.65000 -51817.07000
-56267.65000 -51817.07000
-57179.65000 -51817.07000
-58885.30000 -51817.07000
-53287.32000 -51817.07000
-57422.30000 -51817.07000
-54990.89000 -51817.07000
-55647.83000 -51817.07000
-55582.42000 -51817.07000
-57256.22000 -51817.07000
-55383.07000 -51817.07000
-58168.26000 -51817.07000
-52933.40000 -51817.07000
-52688.95000 -51817.07000
-58315.24000 -51817.07000
-57080.26000 -51817.07000
-56857.58000 -51817.07000
-49983.57000 -49983.57000
-56467.24000 -49983.57000
-56455.00000 -49983.57000
-43961.97000 -39653.07000
-44755.22000 -39653.07000
-44292.91000 -39653.07000
-44075.57000 -39653.07000
-42076.98000 -39653.07000
-43307.68000 -39653.07000
-44482.15000 -39653.07000
-43866.19000 -39653.07000
-42633.01000 -39653.07000
-42068.65000 -39653.07000
-40230.48000 -39653.07000
-43135.38000 -39653.07000
-43867.34000 -39653.07000
-44295.07000 -39653.07000
-42951.62000 -39653.07000
-37910.87000 -37910.87000
-43132.68000 -37910.87000
-39799.85000 -37910.87000
-41935.53000 -37910.87000
-45353.53000 -37910.87000
-41060.94000 -37910.87000
-43232.95000 -37910.87000
-45208.14000 -37910.87000
-45239.45000 -37910.87000
-45189.02000 -37910.87000
-43411.21000 -37910.87000
-44501.38000 -37910.87000
-39809.36000 -37910.87000
-44703.87000 -37910.87000
-41570.03000 -37910.87000
-43218.90000 -37910.87000
-43817.62000 -37910.87000
-45154.31000 -37910.87000
-43609.37000 -37910.87000
-44519.67000 -37910.87000
-40235.80000 -37910.87000
-45560.60000 -37910.87000
-42589.15000 -37910.87000
-43905.64000 -37910.87000
-38335.27000 -37910.87000
-44913.17000 -37910.87000
-46222.38000 -37910.87000
-43499.00000 -37910.87000
-42383.01000 -37910.87000
-45581.27000 -37910.87000
-45571.13000 -37910.87000
-42735.48000 -37910.87000
-42707.44000 -37910.87000
-44522.72000 -37910.87000
-43908.84000 -37910.87000
-44191.57000 -37910.87000
-45052.83000 -37910.87000
-44849.23000 -37910.87000
-45617.82000 -37910.87000
-41200.78000 -37910.87000
-44243.31000 -37910.87000
-44807.63000 -37910.87000
-43236.25000 -37910.87000
-44669.53000 -37910.87000
-44679.07000 -37910.87000
-43907.96000 -37910.87000
-44042.40000 -37910.87000
-44784.30000 -37910.87000
-45952.45000 -37910.87000
-44472.93000 -37910.87000
-43977.09000 -37910.87000
-44496.00000 -37910.87000
-41327.82000 -37910.87000
-44768.75000 -37910.87000
-44064.95000 -37910.87000
-43648.02000 -37910.87000
-42396.91000 -37910.87000
-43577.61000 -37910.87000
-44979.58000 -37910.87000
-45142.32000 -37910.87000
-43069.20000 -37910.87000
-44260.92000 -37910.87000
-43338.09000 -37910.87000
-43662.63000 -37910.87000
-44761.25000 -37910.87000
-44818.21000 -37910.87000
-44874.44000 -37910.87000
-42221.83000 -37910.87000
-43994.97000 -37910.87000
-44238.99000 -37910.87000
-42964.15000 -37910.87000
-44259.42000 -37910.87000
-42377.51000 -37910.87000
-41364.12000 -37910.87000
-43429.46000 -37910.87000
-45023.65000 -37910.87000
-44494.29000 -37910.87000
-45494.67000 -37910.87000
-44642.39000 -37910.87000
-44324.90000 -37910.87000
-44220.76000 -37910.87000
-41524.14000 -37910.87000
-45255.32000 -37910.87000
-42342.08000 -37910.87000
-44205.00000 -37910.87000
-44518.18000 -37910.87000
-44016.07000 -37910.87000
-43576.73000 -37910.87000
-44642.82000 -37910.87000
-41301.57000 -37910.87000
-44412.09000 -37910.87000
-44042.40000 -37910.87000
-44220.08000 -37910.87000
-43795.00000 -37910.87000
-44779.44000 -37910.87000
-44991.20000 -37910.87000
-44525.16000 -37910.87000
-45466.95000 -37910.87000
-42240.47000 -37910.87000
-45580.85000 -37910.87000
-44025.98000 -37910.87000
-42729.87000 -37910.87000
-44817.24000 -37910.87000
-45250.88000 -37910.87000
-44436.63000 -37910.87000
-43677.00000 -37910.87000
-41649.03000 -37910.87000
-44782.95000 -37910.87000
-43103.60000 -37910.87000
-40702.49000 -37910.87000
-44306.30000 -37910.87000
-44510.91000 -37910.87000
-44915.39000 -37910.87000
-43689.50000 -37910.87000
-42123.82000 -37910.87000
-42498.48000 -37910.87000
-44453.81000 -37910.87000
-44100.31000 -37910.87000
-45628.03000 -37910.87000
-44869.17000 -37910.87000
-43023.93000 -37910.87000
-43742.89000 -37910.87000
-44122.99000 -37910.87000
-42605.27000 -37910.87000
-41234.58000 -37910.87000
-44818.06000 -37910.87000
-43979.90000 -37910.87000
-43901.38000 -37910.87000
-41605.69000 -37910.87000
-43793.69000 -37910.87000
-41440.32000 -37910.87000
-44738.37000 -37910.87000
-43707.82000 -37910.87000
-42618.33000 -37910.87000
-43828.95000 -37910.87000
-41602.07000 -37910.87000
-41292.82000 -37910.87000
-44893.40000 -37910.87000
-43689.70000 -37910.87000
-44550.30000 -37910.87000
-44801.91000 -37910.87000
-42883.04000 -37910.87000
-43506.01000 -37910.87000
-44986.63000 -37910.87000
-43586.33000 -37910.87000
-42637.07000 -37910.87000
-43052.20000 -37910.87000
-43888.37000 -37910.87000
-43123.48000 -37910.87000
-44483.87000 -37910.87000
-44375.01000 -37910.87000
-44246.85000 -37910.87000
-43285.10000 -37910.87000
-44648.33000 -37910.87000
-42280.84000 -37910.87000
-40497.30000 -37910.87000
-44822.65000 -37910.87000
-44600.62000 -37910.87000
-44656.42000 -37910.87000
-43954.56000 -37910.87000
-45143.09000 -37910.87000
-45347.27000 -37910.87000
-43136.52000 -37910.87000
-43878.15000 -37910.87000
-43531.06000 -37910.87000
-44630.64000 -37910.87000
-44765.45000 -37910.87000
-44787.95000 -37910.87000
-43646.95000 -37910.87000
-44245.56000 -37910.87000
-44170.74000 -37910.87000
-41072.88000 -37910.87000
-43957.14000 -37910.87000
-44791.91000 -37910.87000
-43458.47000 -37910.87000
-42260.02000 -37910.87000
-43131.09000 -37910.87000
-44514.24000 -37910.87000
-42260.94000 -37910.87000
-44702.38000 -37910.87000
-44146.66000 -37910.87000
-44807.78000 -37910.87000
-43275.58000 -37910.87000
-41838.09000 -37910.87000
-44846.44000 -37910.87000
-45078.65000 -37910.87000
-45390.99000 -37910.87000
-44158.28000 -37910.87000
-43929.84000 -37910.87000
-44151.44000 -37910.87000
-43461.19000 -37910.87000
-45428.17000 -37910.87000
-43477.97000 -37910.87000
-44047.33000 -37910.87000
-45743.28000 -37910.87000
-44117.50000 -37910.87000
-44004.42000 -37910.87000
-42128.57000 -37910.87000
-44827.18000 -37910.87000
-42436.20000 -37910.87000
-43586.92000 -37910.87000
-42300.06000 -37910.87000
-45446.17000 -37910.87000
-44585.17000 -37910.87000
-43540.99000 -37910.87000
-44691.14000 -37910.87000
-44867.17000 -37910.87000
-44253.44000 -37910.87000
-45094.44000 -37910.87000
-42357.32000 -37910.87000
-44848.53000 -37910.87000
-45671.27000 -37910.87000
-40720.83000 -37910.87000
-44377.13000 -37910.87000
-44627.13000 -37910.87000
-44832.36000 -37910.87000
-43953.08000 -37910.87000
-43214.76000 -37910.87000
-43332.28000 -37910.87000
-43985.39000 -37910.87000
-41647.76000 -37910.87000
-44321.89000 -37910.87000
-43504.79000 -37910.87000
-43082.29000 -37910.87000
-44794.00000 -37910.87000
-43049.99000 -37910.87000
-44849.43000 -37910.87000
-43243.53000 -37910.87000
-41665.72000 -37910.87000
-45846.91000 -37910.87000
-43581.61000 -37910.87000
-44243.80000 -37910.87000
-45044.12000 -37910.87000
-46005.28000 -37910.87000
-43328.48000 -37910.87000
-44655.59000 -37910.87000
-45276.06000 -37910.87000
-43599.35000 -37910.87000
-42829.31000 -37910.87000
-41456.34000 -37910.87000
-44598.33000 -37910.87000
-41211.93000 -37910.87000
-43702.72000 -37910.87000
-45478.76000 -37910.87000
-43310.39000 -37910.87000
-43632.67000 -37910.87000
-45370.23000 -37910.87000
-42387.35000 -37910.87000
-44621.97000 -37910.87000
-43399.31000 -37910.87000
-45579.66000 -37910.87000
-41619.26000 -37910.87000
-44227.33000 -37910.87000
-45368.10000 -37910.87000
-43457.51000 -37910.87000
-43438.21000 -37910.87000
-44656.79000 -37910.87000
-44349.86000 -37910.87000
-38374.08000 -37910.87000
-45927.11000 -37910.87000
-45178.71000 -37910.87000
-43183.95000 -37910.87000
-44290.46000 -37910.87000
-45687.99000 -37910.87000
-43848.62000 -37910.87000
-43960.26000 -37910.87000
-41570.27000 -37910.87000
-46108.70000 -37910.87000
-43097.45000 -37910.87000
-43967.17000 -37910.87000
-44619.76000 -37910.87000
-42184.77000 -37910.87000
-44282.79000 -37910.87000
-44118.39000 -37910.87000
-44166.07000 -37910.87000
-45141.76000 -37910.87000
-44940.33000 -37910.87000
-41472.67000 -37910.87000
-43992.79000 -37910.87000
-44188.39000 -37910.87000
-44071.85000 -37910.87000
-42250.76000 -37910.87000
-44616.29000 -37910.87000
-44604.26000 -37910.87000
-44447.95000 -37910.87000
-44554.89000 -37910.87000
-45658.25000 -37910.87000
-44109.25000 -37910.87000
-45308.38000 -37910.87000
-44418.90000 -37910.87000
-42837.42000 -37910.87000
-45190.46000 -37910.87000
-44542.32000 -37910.87000
-44972.83000 -37910.87000
-45558.62000 -37910.87000
-45105.69000 -37910.87000
-41151.38000 -37910.87000
-43884.80000 -37910.87000
-45109.70000 -37910.87000
-45389.80000 -37910.87000
-40875.45000 -37910.87000
-46363.85000 -37910.87000
-44810.47000 -37910.87000
-42647.96000 -37910.87000
-44643.08000 -37910.87000
-37054.20000 -37054.20000
-43269.52000 -37054.20000
-39869.05000 -37054.20000
-43859.12000 -37054.20000
-44181.13000 -37054.20000
-43807.02000 -37054.20000
-42088.17000 -37054.20000
-41613.66000 -37054.20000
-41748.21000 -37054.20000
-44166.08000 -37054.20000
-43025.79000 -37054.20000
-45559.51000 -37054.20000
-44139.94000 -37054.20000
-44407.58000 -37054.20000
-43819.12000 -37054.20000
-44330.45000 -37054.20000
-44004.50000 -37054.20000
-42587.81000 -37054.20000
-39211.20000 -37054.20000
-45117.78000 -37054.20000
-44804.24000 -37054.20000
-42648.83000 -37054.20000
-43216.68000 -37054.20000
-40242.94000 -37054.20000
-38223.66000 -37054.20000
-43431.42000 -37054.20000
-44189.48000 -37054.20000
-45456.65000 -37054.20000
-43616.99000 -37054.20000
-43632.89000 -37054.20000
-44526.33000 -37054.20000
-44905.21000 -37054.20000
-44218.24000 -37054.20000
-44149.24000 -37054.20000
-44106.84000 -37054.20000
-41041.15000 -37054.20000
-44099.02000 -37054.20000
-44659.05000 -37054.20000
-43094.51000 -37054.20000
-44240.73000 -37054.20000
-43686.31000 -37054.20000
-44017.43000 -37054.20000
-43495.58000 -37054.20000
-45022.08000 -37054.20000
-43519.42000 -37054.20000
-43654.53000 -37054.20000
-40745.58000 -37054.20000
-43459.14000 -37054.20000
-44838.41000 -37054.20000
-42223.02000 -37054.20000
-44536.62000 -37054.20000
-45022.64000 -37054.20000
-43392.85000 -37054.20000
-44482.69000 -37054.20000
-42727.63000 -37054.20000
-32877.45000 -30344.92000
-34505.53000 -30344.92000
-34733.68000 -30344.92000
-33671.95000 -30344.92000
-34795.48000 -30344.92000
-33812.16000 -30344.92000
-33591.31000 -30344.92000
-33600.63000 -30344.92000
-33657.64000 -30344.92000
-34533.90000 -30344.92000
-34063.99000 -30344.92000
-33909.23000 -30344.92000
-33984.60000 -30344.92000
-34206.31000 -30344.92000
-33827.40000 -30344.92000
-34280.97000 -30344.92000
-33762.12000 -30344.92000
-34058.55000 -30344.92000
-34027.16000 -30344.92000
-36726.64000 -30344.92000
-32385.04000 -30344.92000
-33419.25000 -30344.92000
-33947.68000 -30344.92000
-34489.16000 -30344.92000
-31601.60000 -30344.92000
-33983.59000 -30344.92000
-34316.10000 -30344.92000
-32614.13000 -30344.92000
-33178.56000 -30344.92000
-34857.70000 -30344.92000
-34716.39000 -30344.92000
-33187.34000 -30344.92000
-33398.01000 -30344.92000
-34107.21000 -30344.92000
-34254.30000 -30344.92000
-33398.33000 -30344.92000
-34294.39000 -30344.92000
-32438.26000 -30344.92000
-33625.42000 -30344.92000
-32426.19000 -30344.92000
-34574.94000 -30344.92000
-34277.28000 -30344.92000
-31559.72000 -30344.92000
-32835.65000 -30344.92000
-33688.66000 -30344.92000
-34965.59000 -30344.92000
-32296.99000 -30344.92000
-33015.28000 -30344.92000
-34243.21000 -30344.92000
-33859.40000 -30344.92000
-34414.30000 -30344.92000
-32535.02000 -30344.92000
-33149.85000 -30344.92000
-32025.76000 -30344.92000
-35103.37000 -30344.92000
-32778.42000 -30344.92000
-34728.31000 -30344.92000
-34049.46000 -30344.92000
-32400.64000 -30344.92000
-31827.38000 -30344.92000
-33396.54000 -30344.92000
-34533.47000 -30344.92000
-29733.97000 -29733.97000
-33965.72000 -29733.97000
-33352.66000 -29733.97000
-34186.39000 -29733.97000
-33647.09000 -29733.97000
-33766.83000 -29733.97000
-32801.91000 -29733.97000
-34613.72000 -29733.97000
-32237.73000 -29733.97000
-31355.50000 -29733.97000
-32134.23000 -29733.97000
-31590.72000 -29733.97000
-34742.04000 -29733.97000
-33127.13000 -29733.97000
-33698.93000 -29733.97000
-34445.47000 -29733.97000
-34890.97000 -29733.97000
-34311.87000 -29733.97000
-33360.08000 -29733.97000
-33500.22000 -29733.97000
-33693.93000 -29733.97000
-34379.68000 -29733.97000
-33372.02000 -29733.97000
-33552.31000 -29733.97000
-34180.01000 -29733.97000
-34450.46000 -29733.97000
-33405.81000 -29733.97000
-33476.25000 -29733.97000
-33634.58000 -29733.97000
-34252.45000 -29733.97000
-32910.29000 -29733.97000
-33952.90000 -29733.97000
-34474.22000 -29733.97000
-31674.26000 -29733.97000
-33647.23000 -29733.97000
-34273.98000 -29733.97000
-31469.27000 -29733.97000
-35279.95000 -29733.97000
-34833.20000 -29733.97000
-33919.76000 -29733.97000
-31213.21000 -29733.97000
-33167.92000 -29733.97000
-32130.13000 -29733.97000
-33859.28000 -29733.97000
-33373.60000 -29733.97000
-34191.11000 -29733.97000
-33889.72000 -29733.97000
-34195.13000 -29733.97000
-33215.16000 -29733.97000
-34896.30000 -29733.97000
-33885.68000 -29733.97000
-32417.82000 -29733.97000
-33346.93000 -29733.97000
-34121.34000 -29733.97000
-34264.12000 -29733.97000
-33153.76000 -29733.97000
-33982.06000 -29733.97000
-32163.34000 -29733.97000
-34770.74000 -29733.97000
-34877.77000 -29733.97000
-34103.07000 -29733.97000
-34628.11000 -29733.97000
-32981.83000 -29733.97000
-32989.70000 -29733.97000
-34707.69000 -29733.97000
-34005.12000 -29733.97000
-34376.24000 -29733.97000
-33569.15000 -29733.97000
-32196.36000 -29733.97000
-32938.95000 -29733.97000
-33311.44000 -29733.97000
-34196.66000 -29733.97000
-34100.62000 -29733.97000
-32363.68000 -29733.97000
-34935.00000 -29733.97000
-34225.19000 -29733.97000
-34274.07000 -29733.97000
-34909.74000 -29733.97000
-33050.68000 -29733.97000
-32596.00000 -29733.97000
-31452.96000 -29733.97000
-33900.67000 -29733.97000
-34053.66000 -29733.97000
-34424.64000 -29733.97000
-33841.81000 -29733.97000
-33107.28000 -29733.97000
-33245.95000 -29733.97000
-33317.10000 -29733.97000
-32643.08000 -29733.97000
-32279.88000 -29733.97000
-32839.37000 -29733.97000
-34509.96000 -29733.97000
-33135.00000 -29733.97000
-34641.66000 -29733.97000
-33745.64000 -29733.97000
-33780.13000 -29733.97000
-34270.56000 -29733.97000
-33522.77000 -29733.97000
-34011.60000 -29733.97000
-33444.76000 -29733.97000
-33822.92000 -29733.97000
-31131.47000 -29733.97000
-34531.39000 -29733.97000
-32371.04000 -29733.97000
-33951.99000 -29733.97000
-33675.81000 -29733.97000
-33584.50000 -29733.97000
-33853.72000 -29733.97000
-33213.21000 -29733.97000
-34534.51000 -29733.97000
-35122.20000 -29733.97000
-35140.12000 -29733.97000
-35078.22000 -29733.97000
-32780.33000 -29733.97000
-32768.12000 -29733.97000
-34290.71000 -29733.97000
-33657.36000 -29733.97000
-34361.42000 -29733.97000
-31859.67000 -29733.97000
-33295.26000 -29733.97000
-33896.05000 -29733.97000
-34317.33000 -29733.97000
-33568.02000 -29733.97000
-33707.49000 -29733.97000
-33936.13000 -29733.97000
-32865.22000 -29733.97000
-33783.38000 -29733.97000
-33195.18000 -29733.97000
-34695.12000 -29733.97000
-34103.90000 -29733.97000
-34204.63000 -29733.97000
-32228.71000 -29733.97000
-34049.86000 -29733.97000
-33637.51000 -29733.97000
-33538.12000 -29733.97000
-34068.58000 -29733.97000
-31089.05000 -29733.97000
-34031.07000 -29733.97000
-34123.31000 -29733.97000
-33607.26000 -29733.97000
-34734.88000 -29733.97000
-33009.99000 -29733.97000
-33328.88000 -29733.97000
-30073.08000 -29733.97000
-34480.46000 -29733.97000
-35063.36000 -29733.97000
-34507.06000 -29733.97000
-33080.73000 -29733.97000
-34148.93000 -29733.97000
-34123.50000 -29733.97000
-34264.21000 -29733.97000
-32709.31000 -29733.97000
-32812.16000 -29733.97000
-33802.86000 -29733.97000
-31888.56000 -29733.97000
-34040.40000 -29733.97000
-33998.31000 -29733.97000
-32112.56000 -29733.97000
-34577.56000 -29733.97000
-34126.79000 -29733.97000
-33697.21000 -29733.97000
-33425.12000 -29733.97000
-34382.55000 -29733.97000
-34233.83000 -29733.97000
-34308.11000 -29733.97000
-34073.22000 -29733.97000
-32724.05000 -29733.97000
-33803.36000 -29733.97000
-33969.03000 -29733.97000
-34310.08000 -29733.97000
-33748.18000 -29733.97000
-34343.00000 -29733.97000
-34533.52000 -29733.97000
-34703.69000 -29733.97000
-34556.81000 -29733.97000
-32350.60000 -29733.97000
-34329.46000 -29733.97000
-34765.39000 -29733.97000
-32971.32000 -29733.97000
-33644.05000 -29733.97000
-34548.67000 -29733.97000
-35755.81000 -29733.97000
-34131.42000 -29733.97000
-33989.67000 -29733.97000
-31644.45000 -29733.97000
-33274.68000 -29733.97000
-33996.99000 -29733.97000
-32334.26000 -29733.97000
-34129.43000 -29733.97000
-34452.02000 -29733.97000
-34284.92000 -29733.97000
-33555.09000 -29733.97000
-34505.77000 -29733.97000
-34534.72000 -29733.97000
-33473.23000 -29733.97000
-32992.87000 -29733.97000
-34133.27000 -29733.97000
-34262.07000 -29733.97000
-34636.05000 -29733.97000
-32265.42000 -29733.97000
-34507.76000 -29733.97000
-33721.70000 -29733.97000
-33752.33000 -29733.97000
-33894.90000 -29733.97000
-32632.42000 -29733.97000
-34099.78000 -29733.97000
-32203.13000 -29733.97000
-34390.72000 -29733.97000
-32292.64000 -29733.97000
-34608.10000 -29733.97000
-34292.66000 -29733.97000
-34521.65000 -29733.97000
-30529.88000 -29733.97000
-32607.50000 -29733.97000
-34547.87000 -29733.97000
-34076.09000 -29733.97000
-33994.21000 -29733.97000
-32886.07000 -29733.97000
-33216.55000 -29733.97000
-33680.52000 -29733.97000
-31128.71000 -29733.97000
-34296.97000 -29733.97000
-34293.75000 -29733.97000
-34829.82000 -29733.97000
-32994.14000 -29733.97000
-34125.12000 -29733.97000
-34343.36000 -29733.97000
-34414.00000 -29733.97000
-31388.73000 -29733.97000
-33679.18000 -29733.97000
-34289.46000 -29733.97000
-34710.32000 -29733.97000
-34370.11000 -29733.97000
-34522.05000 -29733.97000
-32491.90000 -29733.97000
-34378.91000 -29733.97000
-34572.07000 -29733.97000
-32428.59000 -29733.97000
-32134.50000 -29733.97000
-34584.17000 -29733.97000
-33457.29000 -29733.97000
-33223.98000 -29733.97000
-33037.17000 -29733.97000
-33839.42000 -29733.97000
-32377.66000 -29733.97000
-34274.75000 -29733.97000
-33692.27000 -29733.97000
-34853.10000 -29733.97000
-34892.11000 -29733.97000
-34095.96000 -29733.97000
-34007.08000 -29733.97000
-32921.32000 -29733.97000
-34553.75000 -29733.97000
-33568.38000 -29733.97000
-31240.88000 -29733.97000
-30500.05000 -29733.97000
-33339.50000 -29733.97000
-34932.18000 -29733.97000
-33644.27000 -29733.97000
-31093.83000 -29733.97000
-32149.62000 -29733.97000
-34074.00000 -29733.97000
-33795.01000 -29733.97000
-32381.51000 -29733.97000
-34389.34000 -29733.97000
-33334.12000 -29733.97000
-34759.17000 -29733.97000
-33618.74000 -29733.97000
-34816.04000 -29733.97000
-34260.15000 -29733.97000
-34240.02000 -29733.97000
-34662.52000 -29733.97000
-33630.40000 -29733.97000
-32379.44000 -29733.97000
-33171.18000 -29733.97000
-34159.34000 -29733.97000
-34379.69000 -29733.97000
-34298.33000 -29733.97000
-33052.15000 -29733.97000
-33742.00000 -29733.97000
-33762.79000 -29733.97000
-32491.33000 -29733.97000
-33438.01000 -29733.97000
-34449.92000 -29733.97000
-33844.20000 -29733.97000
-33476.98000 -29733.97000
-34103.15000 -29733.97000
-32666.58000 -29733.97000
-33659.07000 -29733.97000
-32484.87000 -29733.97000
-34115.98000 -29733.97000
-34147.44000 -29733.97000
-33790.08000 -29733.97000
-32334.85000 -29733.97000
-34628.96000 -29733.97000
-34464.31000 -29733.97000
-34579.49000 -29733.97000
-34157.18000 -29733.97000
-34654.41000 -29733.97000
-34245.94000 -29733.97000
-34366.42000 -29733.97000
-32600.28000 -29733.97000
-34127.94000 -29733.97000
-31253.02000 -29733.97000
-33764.42000 -29733.97000
-33383.27000 -29733.97000
-32384.48000 -29733.97000
-35437.63000 -29733.97000
-33816.30000 -29733.97000
-31950.52000 -29733.97000
-33621.57000 -29733.97000
-31165.11000 -29733.97000
-34159.78000 -29733.97000
-24886.72000 -23369.60000
-26691.44000 -23369.60000
-25339.96000 -23369.60000
-25599.53000 -23369.60000
-26437.16000 -23369.60000
-26678.85000 -23369.60000
-27107.97000 -23369.60000
-26672.84000 -23369.60000
-26399.01000 -23369.60000
-26335.58000 -23369.60000
-26007.06000 -23369.60000
-26700.11000 -23369.60000
-26520.28000 -23369.60000
-27011.67000 -23369.60000
-26164.91000 -23369.60000
-25118.25000 -23369.60000
-27345.12000 -23369.60000
-26149.95000 -23369.60000
-25706.68000 -23369.60000
-26496.80000 -23369.60000
-26591.48000 -23369.60000
-24737.86000 -23369.60000
-25839.64000 -23369.60000
-25681.87000 -23369.60000
-26666.83000 -23369.60000
-25303.90000 -23369.60000
-25933.76000 -23369.60000
-27099.85000 -23369.60000
-27252.17000 -23369.60000
-26117.71000 -23369.60000
-25293.49000 -23369.60000
-25036.27000 -23369.60000
-26721.84000 -23369.60000
-26927.97000 -23369.60000
-26968.36000 -23369.60000
-26254.09000 -23369.60000
-27214.54000 -23369.60000
-26634.68000 -23369.60000
-26527.67000 -23369.60000
-26400.98000 -23369.60000
-26442.80000 -23369.60000
-26663.34000 -23369.60000
-27549.09000 -23369.60000
-24894.97000 -23369.60000
-26970.88000 -23369.60000
-26329.32000 -23369.60000
-24605.62000 -23369.60000
-25718.55000 -23369.60000
-26185.57000 -23369.60000
-27201.22000 -23369.60000
-26033.07000 -23369.60000
-26500.46000 -23369.60000
-26451.58000 -23369.60000
-25725.47000 -23369.60000
-25432.34000 -23369.60000
-26385.26000 -23369.60000
-26105.30000 -23369.60000
-26434.06000 -23369.60000
-26930.67000 -23369.60000
-25716.56000 -23369.60000
-25547.17000 -23369.60000
-25281.31000 -23369.60000
-25078.94000 -23369.60000
-27031.77000 -23369.60000
-26785.05000 -23369.60000
-26043.93000 -23369.60000
-26000.46000 -23369.60000
-26509.22000 -23369.60000
-25667.61000 -23369.60000
-26645.05000 -23369.60000
-27265.37000 -23369.60000
-25930.05000 -23369.60000
-26472.00000 -23369.60000
-26819.66000 -23369.60000
-25539.14000 -23369.60000
-26131.19000 -23369.60000
-27041.92000 -23369.60000
-26502.20000 -23369.60000
-26684.02000 -23369.60000
-26721.39000 -23369.60000
-25614.18000 -23369.60000
-26274.61000 -23369.60000
-25531.92000 -23369.60000
-26171.70000 -23369.60000
-26155.78000 -23369.60000
-26347.30000 -23369.60000
-26285.76000 -23369.60000
-27960.31000 -23369.60000
-25161.68000 -23369.60000
-26102.73000 -23369.60000
-25644.05000 -23369.60000
-26303.36000 -23369.60000
-26658.04000 -23369.60000
-25032.26000 -23369.60000
-24363.56000 -23369.60000
-25959.73000 -23369.60000
-26863.10000 -23369.60000
-26030.82000 -23369.60000
-26545.57000 -23369.60000
-26413.03000 -23369.60000
-26407.24000 -23369.60000
-24454.93000 -23369.60000
-25644.88000 -23369.60000
-26749.13000 -23369.60000
-26807.02000 -23369.60000
-24832.79000 -23369.60000
-26258.27000 -23369.60000
-25007.53000 -23369.60000
-27277.12000 -23369.60000
-26547.47000 -23369.60000
-25744.77000 -23369.60000
-26893.90000 -23369.60000
-26024.89000 -23369.60000
-26843.34000 -23369.60000
-25935.67000 -23369.60000
-26544.45000 -23369.60000
-27335.60000 -23369.60000
-26737.29000 -23369.60000
-26341.23000 -23369.60000
-26288.23000 -23369.60000
-26222.10000 -23369.60000
-27242.59000 -23369.60000
-26383.03000 -23369.60000
-27146.71000 -23369.60000
-25868.83000 -23369.60000
-26619.41000 -23369.60000
-26371.32000 -23369.60000
-27887.76000 -23369.60000
-26057.03000 -23369.60000
-26340.16000 -23369.60000
-25731.99000 -23369.60000
-26431.81000 -23369.60000
-26705.92000 -23369.60000
-26928.83000 -23369.60000
-26714.86000 -23369.60000
-26018.58000 -23369.60000
-25748.53000 -23369.60000
-26044.98000 -23369.60000
-27204.03000 -23369.60000
-25655.20000 -23369.60000
-26299.71000 -23369.60000
-25292.76000 -23369.60000
-26431.85000 -23369.60000
-26632.52000 -23369.60000
-26863.49000 -23369.60000
-27174.22000 -23369.60000
-26108.06000 -23369.60000
-26186.48000 -23369.60000
-26005.21000 -23369.60000
-26550.13000 -23369.60000
-25118.89000 -23369.60000
-24949.49000 -23369.60000
-24147.02000 -23369.60000
-26024.98000 -23369.60000
-26381.78000 -23369.60000
-27060.64000 -23369.60000
-26216.66000 -23369.60000
-25121.14000 -23369.60000
-27473.21000 -23369.60000
-24725.08000 -23369.60000
-25015.02000 -23369.60000
-26630.52000 -23369.60000
-25259.46000 -23369.60000
-26194.94000 -23369.60000
-27102.09000 -23369.60000
-26905.36000 -23369.60000
-26362.13000 -23369.60000
-26137.78000 -23369.60000
-25441.52000 -23369.60000
-25730.96000 -23369.60000
-25974.39000 -23369.60000
-27076.39000 -23369.60000
-27195.29000 -23369.60000
-26023.67000 -23369.60000
-25936.25000 -23369.60000
-24734.59000 -23369.60000
-25546.63000 -23369.60000
-25915.00000 -23369.60000
-26910.93000 -23369.60000
-25556.31000 -23369.60000
-26646.71000 -23369.60000
-25362.33000 -23369.60000
-26411.31000 -23369.60000
-26859.70000 -23369.60000
-27081.34000 -23369.60000
-25977.60000 -23369.60000
-25613.21000 -23369.60000
-24949.66000 -23369.60000
-26023.20000 -23369.60000
-25968.96000 -23369.60000
-25610.51000 -23369.60000
-26537.71000 -23369.60000
-26172.12000 -23369.60000
-26958.69000 -23369.60000
-26601.46000 -23369.60000
-25842.59000 -23369.60000
-25440.38000 -23369.60000
-25806.80000 -23369.60000
-26021.64000 -23369.60000
-25742.82000 -23369.60000
-26670.89000 -23369.60000
-26998.78000 -23369.60000
-26892.02000 -23369.60000
-26390.21000 -23369.60000
-26049.17000 -23369.60000
-26563.29000 -23369.60000
-28055.93000 -23369.60000
-27374.91000 -23369.60000
-27157.50000 -23369.60000
-26577.13000 -23369.60000
-27155.08000 -23369.60000
-26549.64000 -23369.60000
-26409.97000 -23369.60000
-26041.03000 -23369.60000
-26184.85000 -23369.60000
-26274.36000 -23369.60000
-26611.71000 -23369.60000
-25449.47000 -23369.60000
-26234.18000 -23369.60000
-26397.64000 -23369.60000
-25930.15000 -23369.60000
-25359.30000 -23369.60000
-24996.80000 -23369.60000
-26811.30000 -23369.60000
-26582.64000 -23369.60000
-26816.63000 -23369.60000
-26518.68000 -23369.60000
-26590.19000 -23369.60000
-24283.55000 -23369.60000
-26680.00000 -23369.60000
-26809.34000 -23369.60000
-26223.36000 -23369.60000
-26609.99000 -23369.60000
-26379.15000 -23369.60000
-25325.95000 -23369.60000
-25662.18000 -23369.60000
-25915.10000 -23369.60000
-26868.55000 -23369.60000
-25829.85000 -23369.60000
-26787.99000 -23369.60000
-25299.42000 -23369.60000
-25443.01000 -23369.60000
-26817.85000 -23369.60000
-26572.32000 -23369.60000
-25970.17000 -23369.60000
-26160.34000 -23369.60000
-26621.48000 -23369.60000
-26104.55000 -23369.60000
-25768.14000 -23369.60000
-26442.30000 -23369.60000
-25808.04000 -23369.60000
-26085.83000 -23369.60000
-26152.47000 -23369.60000
-23559.82000 -23369.60000
-26810.14000 -23369.60000
-25613.26000 -23369.60000
-24765.05000 -23369.60000
-25377.20000 -23369.60000
-26465.70000 -23369.60000
-26304.23000 -23369.60000
-25677.41000 -23369.60000
-27233.53000 -23369.60000
-25055.31000 -23369.60000
-26906.18000 -23369.60000
-26865.98000 -23369.60000
-25813.41000 -23369.60000
-24761.96000 -23369.60000
-26421.83000 -23369.60000
-26628.32000 -23369.60000
-25328.84000 -23369.60000
-26702.07000 -23369.60000
-26875.69000 -23369.60000
-26609.24000 -23369.60000
-26858.56000 -23369.60000
-24640.75000 -23369.60000
-24934.13000 -23369.60000
-26676.63000 -23369.60000
-25186.91000 -23369.60000
-26118.91000 -23369.60000
-26647.84000 -23369.60000
-27015.57000 -23369.60000
-26488.68000 -23369.60000
-26045.09000 -23369.60000
-25362.57000 -23369.60000
-26271.86000 -23369.60000
-26780.09000 -23369.60000
-27121.55000 -23369.60000
-25942.66000 -23369.60000
-24520.22000 -23369.60000
-26856.83000 -23369.60000
-26647.55000 -23369.60000
-26181.03000 -23369.60000
-25444.33000 -23369.60000
-26573.39000 -23369.60000
-27174.95000 -23369.60000
-26090.76000 -23369.60000
-26538.91000 -23369.60000
-27272.64000 -23369.60000
-25746.61000 -23369.60000
-25714.87000 -23369.60000
-25426.54000 -23369.60000
-26544.33000 -23369.60000
-26401.22000 -23369.60000
-25875.30000 -23369.60000
-27191.51000 -23369.60000
-26455.28000 -23369.60000
-26599.61000 -23369.60000
-26640.52000 -23369.60000
-26288.49000 -23369.60000
-26550.12000 -23369.60000
-27382.00000 -23369.60000
-26153.84000 -23369.60000
-24979.54000 -23369.60000
-26778.93000 -23369.60000
-24529.51000 -23369.60000
-26106.18000 -23369.60000
-26016.90000 -23369.60000
-24863.01000 -23369.60000
-26013.78000 -23369.60000
-24931.15000 -23369.60000
-26660.95000 -23369.60000
-25734.14000 -23369.60000
-26094.04000 -23369.60000
-26200.74000 -23369.60000
-27116.37000 -23369.60000
-26814.57000 -23369.60000
-26215.47000 -23369.60000
-24036.96000 -23369.60000
-26590.67000 -23369.60000
-24233.67000 -23369.60000
-25293.70000 -23369.60000
-26884.28000 -23369.60000
-26397.74000 -23369.60000
-26347.80000 -23369.60000
-26719.36000 -23369.60000
-26674.28000 -23369.60000
-27372.36000 -23369.60000
-25439.52000 -23369.60000
-25742.54000 -23369.60000
-26758.27000 -23369.60000
-25050.28000 -23369.60000
-26325.15000 -23369.60000
-24917.03000 -23369.60000
-26591.17000 -23369.60000
-25578.27000 -23369.60000
-26377.16000 -23369.60000
-26357.34000 -23369.60000
-25768.60000 -23369.60000
-26138.69000 -23369.60000
-25938.67000 -23369.60000
-26714.60000 -23369.60000
-26218.19000 -23369.60000
-22998.26000 -22998.26000
-26131.52000 -22998.26000
-26329.89000 -22998.26000
-25983.68000 -22998.26000
-25439.45000 -22998.26000
-26209.49000 -22998.26000
-25765.55000 -22998.26000
-26027.48000 -22998.26000
-24859.66000 -22998.26000
-27218.63000 -22998.26000
-25773.02000 -22998.26000
-26524.62000 -22998.26000
-25639.33000 -22998.26000
-26067.55000 -22998.26000
-25937.40000 -22998.26000
-24612.76000 -22998.26000
-25568.33000 -22998.26000
-25571.35000 -22998.26000
-27055.09000 -22998.26000
-25465.47000 -22998.26000
-25404.69000 -22998.26000
-26417.41000 -22998.26000
-26508.94000 -22998.26000
-20298.35000 -17953.62000
-19805.69000 -17953.62000
-19845.57000 -17953.62000
-19355.97000 -17953.62000
-20493.65000 -17953.62000
-20248.00000 -17953.62000
-17925.53000 -17925.53000
-21074.33000 -17925.53000
-20702.71000 -17925.53000
-19188.31000 -17925.53000
-20036.19000 -17925.53000
-20211.40000 -17925.53000
-20576.15000 -17925.53000
-20635.17000 -17925.53000
-19374.30000 -17925.53000
-20475.25000 -17925.53000
-20678.80000 -17925.53000
-18200.84000 -17925.53000
-20283.00000 -17925.53000
-19450.69000 -17925.53000
-20180.26000 -17925.53000
-19998.04000 -17925.53000
-20031.39000 -17925.53000
-19934.99000 -17925.53000
-19672.85000 -17925.53000
-20349.27000 -17925.53000
-20128.01000 -17925.53000
-20404.81000 -17925.53000
-20534.40000 -17925.53000
-20652.97000 -17925.53000
-20625.85000 -17925.53000
-20166.37000 -17925.53000
-18810.96000 -17925.53000
-20618.62000 -17925.53000
-18330.68000 -17925.53000
-20271.49000 -17925.53000
-20409.16000 -17925.53000
-20060.07000 -17925.53000
-20591.35000 -17925.53000
-20373.15000 -17925.53000
-20460.36000 -17925.53000
-18962.52000 -17925.53000
-19292.31000 -17925.53000
-20452.06000 -17925.53000
-20576.67000 -17925.53000
-20949.45000 -17925.53000
-20465.45000 -17925.53000
-19443.98000 -17925.53000
-19028.96000 -17925.53000
-20575.35000 -17925.53000
-20902.24000 -17925.53000
-20795.17000 -17925.53000
-20157.70000 -17925.53000
-17852.29000 -17852.29000
-20190.83000 -17852.29000
-20474.09000 -17852.29000
-19324.84000 -17852.29000
-20408.18000 -17852.29000
-20906.97000 -17852.29000
-20014.39000 -17852.29000
-20635.85000 -17852.29000
-19702.41000 -17852.29000
-20781.63000 -17852.29000
-20956.32000 -17852.29000
-19677.84000 -17852.29000
-20302.37000 -17852.29000
-20652.49000 -17852.29000
-20080.74000 -17852.29000
-20408.11000 -17852.29000
-19720.24000 -17852.29000
-20509.64000 -17852.29000
-19482.83000 -17852.29000
-20355.86000 -17852.29000
-20804.77000 -17852.29000
-20585.47000 -17852.29000
-20233.51000 -17852.29000
-20739.02000 -17852.29000
-19880.79000 -17852.29000
-20372.22000 -17852.29000
-18871.59000 -17852.29000
-20508.23000 -17852.29000
-20707.99000 -17852.29000
-19184.10000 -17852.29000
-20740.19000 -17852.29000
-20717.00000 -17852.29000
-20799.93000 -17852.29000
-20598.47000 -17852.29000
-21144.42000 -17852.29000
-19772.65000 -17852.29000
-19558.63000 -17852.29000
-18791.75000 -17852.29000
-20244.04000 -17852.29000
-20680.32000 -17852.29000
-20266.93000 -17852.29000
-18718.69000 -17852.29000
-18608.65000 -17852.29000
-18813.29000 -17852.29000
-20211.11000 -17852.29000
-19139.43000 -17852.29000
-18462.33000 -17852.29000
-20378.28000 -17852.29000
-20526.20000 -17852.29000
-20279.69000 -17852.29000
-19442.97000 -17852.29000
-20222.34000 -17852.29000
-19800.67000 -17852.29000
-19745.03000 -17852.29000
-20895.92000 -17852.29000
-20088.55000 -17852.29000
-20837.04000 -17852.29000
-20231.37000 -17852.29000
-20701.39000 -17852.29000
-20081.39000 -17852.29000
-19927.58000 -17852.29000
-18910.29000 -17852.29000
-19972.78000 -17852.29000
-19435.83000 -17852.29000
-20287.10000 -17852.29000
-20021.57000 -17852.29000
-20436.94000 -17852.29000
-19258.70000 -17852.29000
-20667.42000 -17852.29000
-20542.49000 -17852.29000
-20232.69000 -17852.29000
-20726.04000 -17852.29000
-20063.15000 -17852.29000
-20255.08000 -17852.29000
-20644.51000 -17852.29000
-20596.13000 -17852.29000
-20303.61000 -17852.29000
-20915.04000 -17852.29000
-20676.52000 -17852.29000
-20050.91000 -17852.29000
-18508.95000 -17852.29000
-18543.71000 -17852.29000
-20124.07000 -17852.29000
-20559.80000 -17852.29000
-20047.11000 -17852.29000
-19497.59000 -17852.29000
-20874.13000 -17852.29000
-19194.28000 -17852.29000
-20221.35000 -17852.29000
-19778.89000 -17852.29000
-20078.50000 -17852.29000
-19220.53000 -17852.29000
-20801.24000 -17852.29000
-20699.57000 -17852.29000
-20207.74000 -17852.29000
-20276.24000 -17852.29000
-19281.89000 -17852.29000
-17998.22000 -17852.29000
-20523.06000 -17852.29000
-20024.26000 -17852.29000
-19596.96000 -17852.29000
-19319.64000 -17852.29000
-19864.69000 -17852.29000
-18996.56000 -17852.29000
-20442.45000 -17852.29000
-19992.17000 -17852.29000
-19382.01000 -17852.29000
-20339.76000 -17852.29000
-19625.63000 -17852.29000
-20624.01000 -17852.29000
-20450.31000 -17852.29000
-20616.60000 -17852.29000
-19109.96000 -17852.29000
-20480.54000 -17852.29000
-18089.32000 -17852.29000
-18020.23000 -17852.29000
-20938.40000 -17852.29000
-20477.57000 -17852.29000
-19916.63000 -17852.29000
-20256.73000 -17852.29000
-18744.75000 -17852.29000
-20324.69000 -17852.29000
-20807.23000 -17852.29000
-20017.54000 -17852.29000
-20792.40000 -17852.29000
-20438.19000 -17852.29000
-20386.84000 -17852.29000
-20795.69000 -17852.29000
-20201.11000 -17852.29000
-19660.35000 -17852.29000
-20731.55000 -17852.29000
-19343.15000 -17852.29000
-20430.36000 -17852.29000
-19848.09000 -17852.29000
-20449.89000 -17852.29000
-20592.46000 -17852.29000
-20190.56000 -17852.29000
-20642.34000 -17852.29000
-20383.03000 -17852.29000
-20696.44000 -17852.29000
-20110.87000 -17852.29000
-19977.24000 -17852.29000
-20851.55000 -17852.29000
-20389.55000 -17852.29000
-19391.69000 -17852.29000
-18650.68000 -17852.29000
-19384.78000 -17852.29000
-20498.69000 -17852.29000
-19979.11000 -17852.29000
-19536.61000 -17852.29000
-20509.35000 -17852.29000
-19665.40000 -17852.29000
-20724.09000 -17852.29000
-20533.50000 -17852.29000
-18710.71000 -17852.29000
-20377.49000 -17852.29000
-18846.44000 -17852.29000
-19938.71000 -17852.29000
-20279.89000 -17852.29000
-20495.78000 -17852.29000
-20478.47000 -17852.29000
-20596.80000 -17852.29000
-19523.70000 -17852.29000
-20454.71000 -17852.29000
-20553.92000 -17852.29000
-20587.92000 -17852.29000
-20261.03000 -17852.29000
-20064.82000 -17852.29000
-20403.41000 -17852.29000
-20138.57000 -17852.29000
-19166.16000 -17852.29000
-19571.69000 -17852.29000
-20224.93000 -17852.29000
-19076.93000 -17852.29000
-20503.60000 -17852.29000
-19392.66000 -17852.29000
-20483.04000 -17852.29000
-20472.16000 -17852.29000
-19988.28000 -17852.29000
-20211.83000 -17852.29000
-20652.69000 -17852.29000
-19446.36000 -17852.29000
-20172.39000 -17852.29000
-20745.01000 -17852.29000
-20709.31000 -17852.29000
-20208.79000 -17852.29000
-18256.06000 -17852.29000
-20323.89000 -17852.29000
-18913.27000 -17852.29000
-20040.94000 -17852.29000
-19914.10000 -17852.29000
-18825.53000 -17852.29000
-19050.41000 -17852.29000
-20687.96000 -17852.29000
-20462.65000 -17852.29000
-19084.76000 -17852.29000
-20154.97000 -17852.29000
-18441.53000 -17852.29000
-20362.62000 -17852.29000
-20114.65000 -17852.29000
-20319.15000 -17852.29000
-21011.89000 -17852.29000
-20561.82000 -17852.29000
-20157.38000 -17852.29000
-20161.09000 -17852.29000
-20134.88000 -17852.29000
-20076.43000 -17852.29000
-19945.87000 -17852.29000
-20158.47000 -17852.29000
-20327.73000 -17852.29000
-18917.62000 -17852.29000
-20440.66000 -17852.29000
-20117.96000 -17852.29000
-20354.42000 -17852.29000
-19897.09000 -17852.29000
-20226.65000 -17852.29000
-19979.33000 -17852.29000
-20489.64000 -17852.29000
-20609.86000 -17852.29000
-20257.78000 -17852.29000
-20182.22000 -17852.29000
-19848.98000 -17852.29000
-20271.35000 -17852.29000
-18876.61000 -17852.29000
-20442.90000 -17852.29000
-19792.83000 -17852.29000
-20436.14000 -17852.29000
-19739.91000 -17852.29000
-20642.87000 -17852.29000
-20725.49000 -17852.29000
-19413.03000 -17852.29000
-18832.35000 -17852.29000
-20553.24000 -17852.29000
-20586.64000 -17852.29000
-19100.75000 -17852.29000
-20256.53000 -17852.29000
-19299.13000 -17852.29000
-20165.60000 -17852.29000
-19807.00000 -17852.29000
-20105.44000 -17852.29000
-20091.80000 -17852.29000
-20286.60000 -17852.29000
-20876.54000 -17852.29000
-20521.74000 -17852.29000
-17840.29000 -17840.29000
-19142.87000 -17840.29000
-20609.13000 -17840.29000
-18985.82000 -17840.29000
-19146.52000 -17840.29000
-20969.28000 -17840.29000
-19673.03000 -17840.29000
-19294.29000 -17840.29000
-20588.61000 -17840.29000
-20277.89000 -17840.29000
-20052.68000 -17840.29000
-18301.98000 -17840.29000
-20723.92000 -17840.29000
-20386.69000 -17840.29000
-20469.67000 -17840.29000
-20645.93000 -17840.29000
-20791.35000 -17840.29000
-20229.12000 -17840.29000
-19753.99000 -17840.29000
-20830.81000 -17840.29000
-19507.44000 -17840.29000
-19740.31000 -17840.29000
-20913.09000 -17840.29000
-20425.22000 -17840.29000
-20483.56000 -17840.29000
-20663.75000 -17840.29000
-20857.87000 -17840.29000
-21118.12000 -17840.29000
-19823.41000 -17840.29000
-20553.26000 -17840.29000
-20212.02000 -17840.29000
-20640.46000 -17840.29000
-20291.89000 -17840.29000
-19880.44000 -17840.29000
-19619.97000 -17840.29000
-18583.03000 -17840.29000
-20674.68000 -17840.29000
-19606.89000 -17840.29000
-21353.41000 -17840.29000
-20245.72000 -17840.29000
-19463.88000 -17840.29000
-20229.15000 -17840.29000
-21039.65000 -17840.29000
-19418.69000 -17840.29000
-20992.47000 -17840.29000
-20349.33000 -17840.29000
-20870.17000 -17840.29000
-20085.50000 -17840.29000
-20608.96000 -17840.29000
-19465.16000 -17840.29000
-19020.12000 -17840.29000
-20763.60000 -17840.29000
-20022.02000 -17840.29000
-20312.41000 -17840.29000
-20619.48000 -17840.29000
-19961.74000 -17840.29000
-20320.25000 -17840.29000
-20837.95000 -17840.29000
-19812.86000 -17840.29000
-18892.52000 -17840.29000
-20225.91000 -17840.29000
-20781.38000 -17840.29000
-20418.21000 -17840.29000
-19763.59000 -17840.29000
-20606.10000 -17840.29000
-19893.10000 -17840.29000
-20441.60000 -17840.29000
-19626.92000 -17840.29000
-19063.51000 -17840.29000
-21728.32000 -17840.29000
-19599.49000 -17840.29000
-20300.56000 -17840.29000
-20237.77000 -17840.29000
-20342.37000 -17840.29000
-20670.22000 -17840.29000
-20017.02000 -17840.29000
-20429.14000 -17840.29000
-20604.72000 -17840.29000
-15296.34000 -14178.83000
-16187.16000 -14178.83000
-15322.59000 -14178.83000
-15471.52000 -14178.83000
-15966.14000 -14178.83000
-15129.87000 -14178.83000
-15537.29000 -14178.83000
-15188.49000 -14178.83000
-15717.12000 -14178.83000
-15412.99000 -14178.83000
-15732.92000 -14178.83000
-14237.89000 -14178.83000
-15905.60000 -14178.83000
-16206.70000 -14178.83000
-16000.74000 -14178.83000
-15879.83000 -14178.83000
-15733.15000 -14178.83000
-15509.82000 -14178.83000
-15782.21000 -14178.83000
-15580.84000 -14178.83000
-15864.22000 -14178.83000
-16127.61000 -14178.83000
-14898.50000 -14178.83000
-15861.55000 -14178.83000
-15825.35000 -14178.83000
-15640.32000 -14178.83000
-15807.30000 -14178.83000
-15747.57000 -14178.83000
-15340.93000 -14178.83000
-14599.31000 -14178.83000
-15780.90000 -14178.83000
-15317.84000 -14178.83000
-15830.39000 -14178.83000
-15766.78000 -14178.83000
-15947.18000 -14178.83000
-15707.61000 -14178.83000
-15879.86000 -14178.83000
-14626.18000 -14178.83000
-14538.88000 -14178.83000
-15714.18000 -14178.83000
-14582.28000 -14178.83000
-15810.56000 -14178.83000
-15719.31000 -14178.83000
-15803.26000 -14178.83000
-15262.01000 -14178.83000
-16227.21000 -14178.83000
-14921.02000 -14178.83000
-15994.18000 -14178.83000
-15191.28000 -14178.83000
-15852.56000 -14178.83000
-15164.62000 -14178.83000
-15627.38000 -14178.83000
-15649.99000 -14178.83000
-15702.96000 -14178.83000
-15427.65000 -14178.83000
-16180.71000 -14178.83000
-15888.59000 -14178.83000
-16543.93000 -14178.83000
-15964.95000 -14178.83000
-15724.07000 -14178.83000
-15962.51000 -14178.83000
-15603.21000 -14178.83000
-15975.67000 -14178.83000
-16018.97000 -14178.83000
-14992.66000 -14178.83000
-15905.32000 -14178.83000
-15416.78000 -14178.83000
-15585.03000 -14178.83000
-16063.72000 -14178.83000
-15900.75000 -14178.83000
-14214.86000 -14178.83000
-15819.52000 -14178.83000
-14514.80000 -14178.83000
-15749.92000 -14178.83000
-16302.60000 -14178.83000
-15740.10000 -14178.83000
-14470.03000 -14178.83000
-15416.85000 -14178.83000
-15796.44000 -14178.83000
-15714.75000 -14178.83000
-14737.94000 -14178.83000
-15274.28000 -14178.83000
-15851.23000 -14178.83000
-14760.84000 -14178.83000
-14854.53000 -14178.83000
-14589.63000 -14178.83000
-15854.32000 -14178.83000
-15958.74000 -14178.83000
-16054.68000 -14178.83000
-14380.92000 -14178.83000
-13764.38000 -13764.38000
-15704.66000 -13764.38000
-15849.49000 -13764.38000
-14220.48000 -13764.38000
-15491.46000 -13764.38000
-15193.06000 -13764.38000
-15384.42000 -13764.38000
-15089.65000 -13764.38000
-15723.62000 -13764.38000
-14638.64000 -13764.38000
-16088.43000 -13764.38000
-15497.88000 -13764.38000
-14027.29000 -13764.38000
-16329.13000 -13764.38000
-15789.62000 -13764.38000
-15792.95000 -13764.38000
-14698.61000 -13764.38000
-15813.84000 -13764.38000
-16093.29000 -13764.38000
-15678.57000 -13764.38000
-15487.62000 -13764.38000
-15727.21000 -13764.38000
-15575.09000 -13764.38000
-14907.07000 -13764.38000
-16038.11000 -13764.38000
-15696.39000 -13764.38000
-15471.83000 -13764.38000
-15834.19000 -13764.38000
-15613.79000 -13764.38000
-14115.24000 -13764.38000
-15277.15000 -13764.38000
-15822.21000 -13764.38000
-15829.34000 -13764.38000
-16058.13000 -13764.38000
-15598.72000 -13764.38000
-16125.00000 -13764.38000
-14971.42000 -13764.38000
-15954.44000 -13764.38000
-15421.04000 -13764.38000
-15707.67000 -13764.38000
-15846.94000 -13764.38000
-15734.72000 -13764.38000
-15842.81000 -13764.38000
-15883.19000 -13764.38000
-16020.41000 -13764.38000
-15777.23000 -13764.38000
-15897.24000 -13764.38000
-15607.79000 -13764.38000
-14733.89000 -13764.38000
-14711.37000 -13764.38000
-14946.50000 -13764.38000
-15599.99000 -13764.38000
-15197.76000 -13764.38000
-15944.22000 -13764.38000
-15852.38000 -13764.38000
-14926.04000 -13764.38000
-15873.35000 -13764.38000
-15687.11000 -13764.38000
-15808.38000 -13764.38000
-16032.26000 -13764.38000
-16069.21000 -13764.38000
-15401.49000 -13764.38000
-14124.17000 -13764.38000
-15222.26000 -13764.38000
-15746.30000 -13764.38000
-15270.97000 -13764.38000
-15883.33000 -13764.38000
-16075.99000 -13764.38000
-15450.40000 -13764.38000
-15586.98000 -13764.38000
-15811.09000 -13764.38000
-15825.85000 -13764.38000
-14507.20000 -13764.38000
-15776.84000 -13764.38000
-15367.15000 -13764.38000
-15167.97000 -13764.38000
-15155.61000 -13764.38000
-15690.86000 -13764.38000
-15790.99000 -13764.38000
-15794.47000 -13764.38000
-16201.48000 -13764.38000
-15438.49000 -13764.38000
-14688.20000 -13764.38000
-14663.05000 -13764.38000
-15900.14000 -13764.38000
-15998.89000 -13764.38000
-16164.86000 -13764.38000
-16325.28000 -13764.38000
-16032.97000 -13764.38000
-15769.94000 -13764.38000
-15199.06000 -13764.38000
-16577.09000 -13764.38000
-15802.91000 -13764.38000
-15091.55000 -13764.38000
-16152.74000 -13764.38000
-16417.55000 -13764.38000
-15455.47000 -13764.38000
-16369.72000 -13764.38000
-15751.59000 -13764.38000
-15776.64000 -13764.38000
-15570.51000 -13764.38000
-15492.62000 -13764.38000
-15300.20000 -13764.38000
-15831.84000 -13764.38000
-15982.29000 -13764.38000
-15780.76000 -13764.38000
-15864.53000 -13764.38000
-15985.10000 -13764.38000
-15284.04000 -13764.38000
-15594.47000 -13764.38000
-14754.87000 -13764.38000
-15515.83000 -13764.38000
-16667.61000 -13764.38000
-16015.81000 -13764.38000
-16082.87000 -13764.38000
-15765.79000 -13764.38000
-15330.63000 -13764.38000
-15571.35000 -13764.38000
-15557.42000 -13764.38000
-16158.84000 -13764.38000
-15826.09000 -13764.38000
-15329.30000 -13764.38000
-15944.52000 -13764.38000
-15184.49000 -13764.38000
-15733.17000 -13764.38000
-15814.41000 -13764.38000
-15596.13000 -13764.38000
-15554.73000 -13764.38000
-15791.15000 -13764.38000
-16110.94000 -13764.38000
-15717.73000 -13764.38000
-15846.29000 -13764.38000
-15986.91000 -13764.38000
-15392.85000 -13764.38000
-15907.20000 -13764.38000
-15655.75000 -13764.38000
-15779.18000 -13764.38000
-14722.99000 -13764.38000
-15322.22000 -13764.38000
-15454.51000 -13764.38000
-15487.83000 -13764.38000
-15847.54000 -13764.38000
-14910.11000 -13764.38000
-15912.55000 -13764.38000
-14847.65000 -13764.38000
-15795.71000 -13764.38000
-15687.36000 -13764.38000
-15848.64000 -13764.38000
-15740.05000 -13764.38000
-15317.56000 -13764.38000
-15756.68000 -13764.38000
-14636.26000 -13764.38000
-15835.89000 -13764.38000
-16234.24000 -13764.38000
-15837.63000 -13764.38000
-15734.62000 -13764.38000
-15729.98000 -13764.38000
-15662.38000 -13764.38000
-15676.78000 -13764.38000
-15269.48000 -13764.38000
-15162.46000 -13764.38000
-15336.04000 -13764.38000
-16943.63000 -13764.38000
-16188.45000 -13764.38000
-15677.17000 -13764.38000
-15881.38000 -13764.38000
-15762.96000 -13764.38000
-14429.93000 -13764.38000
-16361.69000 -13764.38000
-15854.28000 -13764.38000
-14944.24000 -13764.38000
-15985.34000 -13764.38000
-15998.30000 -13764.38000
-15950.74000 -13764.38000
-14912.71000 -13764.38000
-15836.41000 -13764.38000
-15735.27000 -13764.38000
-15202.05000 -13764.38000
-16044.69000 -13764.38000
-16506.32000 -13764.38000
-16069.44000 -13764.38000
-15802.89000 -13764.38000
-14817.90000 -13764.38000
-16126.91000 -13764.38000
-17150.73000 -13764.38000
-14150.48000 -13764.38000
-16127.78000 -13764.38000
-14424.36000 -13764.38000
-15425.92000 -13764.38000
-14949.06000 -13764.38000
-14220.45000 -13764.38000
-16222.12000 -13764.38000
-14037.16000 -13764.38000
-15565.75000 -13764.38000
-14949.34000 -13764.38000
-15892.70000 -13764.38000
-14884.52000 -13764.38000
-15578.12000 -13764.38000
-17070.71000 -13764.38000
-14577.99000 -13764.38000
-15875.63000 -13764.38000
-16103.05000 -13764.38000
-15449.82000 -13764.38000
-15755.35000 -13764.38000
-16084.24000 -13764.38000
-15622.08000 -13764.38000
-16264.08000 -13764.38000
-16034.47000 -13764.38000
-15708.16000 -13764.38000
-15853.09000 -13764.38000
-15997.28000 -13764.38000
-15722.23000 -13764.38000
-14469.76000 -13764.38000
-15126.27000 -13764.38000
-15985.93000 -13764.38000
-16148.88000 -13764.38000
-15147.83000 -13764.38000
-15921.22000 -13764.38000
-16028.87000 -13764.38000
-14398.42000 -13764.38000
-15776.32000 -13764.38000
-14715.89000 -13764.38000
-15441.64000 -13764.38000
-15906.44000 -13764.38000
-14089.78000 -13764.38000
-15737.02000 -13764.38000
-15368.71000 -13764.38000
-14794.07000 -13764.38000
-15583.55000 -13764.38000
-15349.08000 -13764.38000
-16047.47000 -13764.38000
-16242.37000 -13764.38000
-15689.92000 -13764.38000
-15594.11000 -13764.38000
-15467.13000 -13764.38000
-15959.78000 -13764.38000
-15659.87000 -13764.38000
-15499.65000 -13764.38000
-15800.60000 -13764.38000
-15602.39000 -13764.38000
-15901.36000 -13764.38000
-15948.29000 -13764.38000
-15885.47000 -13764.38000
-16010.68000 -13764.38000
-15961.24000 -13764.38000
-15225.40000 -13764.38000
-14838.97000 -13764.38000
-16059.22000 -13764.38000
-15878.42000 -13764.38000
-15901.14000 -13764.38000
-15992.46000 -13764.38000
-16193.60000 -13764.38000
-15972.98000 -13764.38000
-15640.35000 -13764.38000
-15292.30000 -13764.38000
-16174.24000 -13764.38000
-15942.10000 -13764.38000
-15494.95000 -13764.38000
-15439.41000 -13764.38000
-14985.05000 -13764.38000
-15409.79000 -13764.38000
-15314.04000 -13764.38000
-15503.34000 -13764.38000
-15859.81000 -13764.38000
-15448.44000 -13764.38000
-14873.55000 -13764.38000
-15406.09000 -13764.38000
-15539.73000 -13764.38000
-15429.56000 -13764.38000
-15126.33000 -13764.38000
-15619.63000 -13764.38000
-15947.46000 -13764.38000
-16616.63000 -13764.38000
-16031.60000 -13764.38000
-16694.11000 -13764.38000
-15255.33000 -13764.38000
-15796.23000 -13764.38000
-15781.96000 -13764.38000
-15479.93000 -13764.38000
-16069.68000 -13764.38000
-15834.73000 -13764.38000
-16376.40000 -13764.38000
-16492.68000 -13764.38000
-15320.36000 -13764.38000
-15204.11000 -13764.38000
-12752.94000 -11052.74000
-12398.33000 -11052.74000
-12284.78000 -11052.74000
-12171.12000 -11052.74000
-11962.73000 -11052.74000
-12531.62000 -11052.74000
-11720.18000 -11052.74000
-12721.86000 -11052.74000
-12637.10000 -11052.74000
-12320.60000 -11052.74000
-12178.88000 -11052.74000
-12136.90000 -11052.74000
-12216.96000 -11052.74000
-12564.87000 -11052.74000
-11600.37000 -11052.74000
-11537.28000 -11052.74000
-12551.80000 -11052.74000
-12445.98000 -11052.74000
-12496.19000 -11052.74000
-11710.48000 -11052.74000
-12524.83000 -11052.74000
-11664.06000 -11052.74000
-12454.01000 -11052.74000
-12587.11000 -11052.74000
-12717.99000 -11052.74000
-11943.25000 -11052.74000
-11777.17000 -11052.74000
-12468.09000 -11052.74000
-12265.22000 -11052.74000
-11855.64000 -11052.74000
-12461.95000 -11052.74000
-11972.56000 -11052.74000
-12438.41000 -11052.74000
-12128.41000 -11052.74000
-12299.97000 -11052.74000
-12355.13000 -11052.74000
-12354.04000 -11052.74000
-12231.58000 -11052.74000
-12174.94000 -11052.74000
-12517.52000 -11052.74000
-12565.56000 -11052.74000
-12095.91000 -11052.74000
-12686.47000 -11052.74000
-12507.39000 -11052.74000
-11610.03000 -11052.74000
-12099.06000 -11052.74000
-12483.16000 -11052.74000
-11649.51000 -11052.74000
-12277.62000 -11052.74000
-12436.12000 -11052.74000
-12217.98000 -11052.74000
-12514.95000 -11052.74000
-12248.55000 -11052.74000
-12091.21000 -11052.74000
-11585.23000 -11052.74000
-12246.45000 -11052.74000
-12312.66000 -11052.74000
-12129.18000 -11052.74000
-12245.08000 -11052.74000
-12236.35000 -11052.74000
-12082.11000 -11052.74000
-12240.80000 -11052.74000
-11918.39000 -11052.74000
-12370.40000 -11052.74000
-12391.06000 -11052.74000
-11965.29000 -11052.74000
-12446.43000 -11052.74000
-12643.45000 -11052.74000
-12211.01000 -11052.74000
-12386.91000 -11052.74000
-12705.87000 -11052.74000
-12505.37000 -11052.74000
-12538.49000 -11052.74000
-12106.11000 -11052.74000
-12175.68000 -11052.74000
-12040.45000 -11052.74000
-11802.20000 -11052.74000
-12241.60000 -11052.74000
-12368.95000 -11052.74000
-12446.42000 -11052.74000
-12224.39000 -11052.74000
-11938.52000 -11052.74000
-12446.43000 -11052.74000
-11577.80000 -11052.74000
-12894.92000 -11052.74000
-12300.43000 -11052.74000
-12038.70000 -11052.74000
-12022.00000 -11052.74000
-11773.51000 -11052.74000
-12765.58000 -11052.74000
-12202.68000 -11052.74000
-12419.23000 -11052.74000
-12281.13000 -11052.74000
-12509.57000 -11052.74000
-12468.66000 -11052.74000
-12449.83000 -11052.74000
-12851.46000 -11052.74000
-12518.74000 -11052.74000
-12369.46000 -11052.74000
-11886.46000 -11052.74000
-12770.59000 -11052.74000
-12427.74000 -11052.74000
-12524.73000 -11052.74000
-12549.99000 -11052.74000
-11990.57000 -11052.74000
-11990.98000 -11052.74000
-11999.07000 -11052.74000
-11796.66000 -11052.74000
-12120.56000 -11052.74000
-12376.38000 -11052.74000
-11948.96000 -11052.74000
-12403.98000 -11052.74000
-12160.09000 -11052.74000
-12147.81000 -11052.74000
-12165.59000 -11052.74000
-12488.02000 -11052.74000
-12422.73000 -11052.74000
-12341.58000 -11052.74000
-12649.80000 -11052.74000
-11863.16000 -11052.74000
-12520.00000 -11052.74000
-12480.61000 -11052.74000
-11821.83000 -11052.74000
-11912.54000 -11052.74000
-12148.30000 -11052.74000
-12593.90000 -11052.74000
-11603.68000 -11052.74000
-12618.18000 -11052.74000
-12567.57000 -11052.74000
-12185.51000 -11052.74000
-12094.44000 -11052.74000
-11269.13000 -11052.74000
-12057.65000 -11052.74000
-12307.96000 -11052.74000
-12654.59000 -11052.74000
-12008.10000 -11052.74000
-12444.89000 -11052.74000
-11850.87000 -11052.74000
-12461.83000 -11052.74000
-12525.04000 -11052.74000
-11816.60000 -11052.74000
-12592.36000 -11052.74000
-11916.43000 -11052.74000
-12498.96000 -11052.74000
-12179.42000 -11052.74000
-12518.58000 -11052.74000
-12279.49000 -11052.74000
-12295.04000 -11052.74000
-11913.19000 -11052.74000
-12315.00000 -11052.74000
-12237.42000 -11052.74000
-12413.59000 -11052.74000
-12430.47000 -11052.74000
-12366.26000 -11052.74000
-11441.09000 -11052.74000
-11867.58000 -11052.74000
-11648.54000 -11052.74000
-12037.74000 -11052.74000
-12052.44000 -11052.74000
-11865.83000 -11052.74000
-11437.30000 -11052.74000
-12390.64000 -11052.74000
-12241.92000 -11052.74000
-12326.74000 -11052.74000
-12578.29000 -11052.74000
-12474.48000 -11052.74000
-12222.09000 -11052.74000
-12455.94000 -11052.74000
-12295.41000 -11052.74000
-12100.16000 -11052.74000
-11888.63000 -11052.74000
-12494.44000 -11052.74000
-12611.64000 -11052.74000
-12279.25000 -11052.74000
-12699.07000 -11052.74000
-12267.39000 -11052.74000
-12300.72000 -11052.74000
-12132.42000 -11052.74000
-12388.03000 -11052.74000
-11993.33000 -11052.74000
-12384.08000 -11052.74000
-12304.13000 -11052.74000
-12237.28000 -11052.74000
-12191.12000 -11052.74000
-12125.93000 -11052.74000
-12734.64000 -11052.74000
-12107.83000 -11052.74000
-12308.78000 -11052.74000
-12121.18000 -11052.74000
-12328.33000 -11052.74000
-12068.86000 -11052.74000
-12289.34000 -11052.74000
-12446.13000 -11052.74000
-12288.56000 -11052.74000
-12224.09000 -11052.74000
-12785.70000 -11052.74000
-12326.14000 -11052.74000
-12519.62000 -11052.74000
-12156.57000 -11052.74000
-12668.12000 -11052.74000
-12391.05000 -11052.74000
-11659.72000 -11052.74000
-12531.87000 -11052.74000
-12453.67000 -11052.74000
-12345.83000 -11052.74000
-12574.96000 -11052.74000
-12548.48000 -11052.74000
-12522.48000 -11052.74000
-12494.09000 -11052.74000
-12286.87000 -11052.74000
-12444.51000 -11052.74000
-12430.60000 -11052.74000
-12415.78000 -11052.74000
-12453.02000 -11052.74000
-11625.50000 -11052.74000
-12496.72000 -11052.74000
-12163.35000 -11052.74000
-12350.32000 -11052.74000
-12109.79000 -11052.74000
-12237.54000 -11052.74000
-12484.06000 -11052.74000
-11801.74000 -11052.74000
-11979.54000 -11052.74000
-12511.84000 -11052.74000
-12676.27000 -11052.74000
-12648.32000 -11052.74000
-12361.74000 -11052.74000
-11876.62000 -11052.74000
-12464.09000 -11052.74000
-12815.95000 -11052.74000
-12431.64000 -11052.74000
-12288.34000 -11052.74000
-12411.50000 -11052.74000
-12318.74000 -11052.74000
-12648.52000 -11052.74000
-12009.01000 -11052.74000
-12526.90000 -11052.74000
-11621.16000 -11052.74000
-12299.83000 -11052.74000
-12469.53000 -11052.74000
-12847.84000 -11052.74000
-12332.85000 -11052.74000
-12966.23000 -11052.74000
-12710.94000 -11052.74000
-11455.51000 -11052.74000
-11583.79000 -11052.74000
-11963.38000 -11052.74000
-12333.70000 -11052.74000
-12607.79000 -11052.74000
-12516.24000 -11052.74000
-12061.25000 -11052.74000
-11995.88000 -11052.74000
-12039.23000 -11052.74000
-11913.12000 -11052.74000
-12632.52000 -11052.74000
-11997.26000 -11052.74000
-11874.37000 -11052.74000
-12541.76000 -11052.74000
-12587.07000 -11052.74000
-12272.45000 -11052.74000
-11995.85000 -11052.74000
-12730.16000 -11052.74000
-12424.53000 -11052.74000
-12340.19000 -11052.74000
-12434.08000 -11052.74000
-12480.20000 -11052.74000
-12368.49000 -11052.74000
-12249.37000 -11052.74000
-11861.83000 -11052.74000
-12248.87000 -11052.74000
-12110.89000 -11052.74000
-12307.41000 -11052.74000
-12324.27000 -11052.74000
-12616.44000 -11052.74000
-11590.26000 -11052.74000
-12657.79000 -11052.74000
-11875.70000 -11052.74000
-12530.42000 -11052.74000
-12419.80000 -11052.74000
-12533.60000 -11052.74000
-12198.91000 -11052.74000
-11902.97000 -11052.74000
-12081.94000 -11052.74000
-12468.21000 -11052.74000
-12239.19000 -11052.74000
-12592.82000 -11052.74000
-12502.14000 -11052.74000
-12299.89000 -11052.74000
-12476.28000 -11052.74000
-12737.56000 -11052.74000
-12173.74000 -11052.74000
-12098.99000 -11052.74000
-12119.95000 -11052.74000
-11593.91000 -11052.74000
-12437.91000 -11052.74000
-11710.76000 -11052.74000
-12553.40000 -11052.74000
-12483.16000 -11052.74000
-12439.15000 -11052.74000
-11983.13000 -11052.74000
-12368.82000 -11052.74000
-11939.80000 -11052.74000
-12273.75000 -11052.74000
-11330.03000 -11052.74000
-12592.78000 -11052.74000
-12398.96000 -11052.74000
-11658.01000 -11052.74000
-11930.77000 -11052.74000
-13066.89000 -11052.74000
-12524.41000 -11052.74000
-12307.34000 -11052.74000
-12407.23000 -11052.74000
-12601.05000 -11052.74000
-12666.41000 -11052.74000
-12711.01000 -11052.74000
-12578.71000 -11052.74000
-12410.30000 -11052.74000
-12556.98000 -11052.74000
-12159.66000 -11052.74000
-12622.74000 -11052.74000
-12718.28000 -11052.74000
-11962.70000 -11052.74000
-11897.43000 -11052.74000
-12442.91000 -11052.74000
-12690.92000 -11052.74000
-12424.30000 -11052.74000
-12473.19000 -11052.74000
-11699.13000 -11052.74000
-12333.72000 -11052.74000
-12556.15000 -11052.74000
-11922.26000 -11052.74000
-12245.09000 -11052.74000
-12250.07000 -11052.74000
-11944.77000 -11052.74000
-12648.65000 -11052.74000
-12401.32000 -11052.74000
-12120.80000 -11052.74000
-12664.44000 -11052.74000
-12678.76000 -11052.74000
-13014.64000 -11052.74000
-12688.16000 -11052.74000
-11724.87000 -11052.74000
-12441.43000 -11052.74000
-12208.18000 -11052.74000
-12612.31000 -11052.74000
-12642.06000 -11052.74000
-12585.86000 -11052.74000
-12570.02000 -11052.74000
-12477.90000 -11052.74000
-12499.37000 -11052.74000
-12449.09000 -11052.74000
-12053.27000 -11052.74000
-12490.02000 -11052.74000
-12492.59000 -11052.74000
-11834.43000 -11052.74000
-12461.25000 -11052.74000
-12377.55000 -11052.74000
-12445.36000 -11052.74000
-11712.49000 -11052.74000
-11637.16000 -11052.74000
-11870.09000 -11052.74000
-11959.52000 -11052.74000
-12274.71000 -11052.74000
-11861.00000 -11052.74000
-12129.48000 -11052.74000
-12108.17000 -11052.74000
-12439.34000 -11052.74000
-12437.30000 -11052.74000
-12249.28000 -11052.74000
-12117.41000 -11052.74000
-12392.46000 -11052.74000
-12092.83000 -11052.74000
-11740.97000 -11052.74000
-12585.25000 -11052.74000
-12145.17000 -11052.74000
