2.0000 10.0000 10.0000 10000.0000 100.0000 73.9158 64.0610 17.0682 23.8212 48.6600 26.6500 83.3303 41.8112 25.4237 1.2500 83.5750 Examples/etopo_extended/_0 
2.0000 10.0000 10.0000 1000.0000 10.0000 107.4776 81.2297 24.0647 19.3348 0.0000 0.0000 162.3728 82.4530 29.0323 5.5000 10.7015 Examples/etopo_extended/_0 
3.0000 10.0000 100.0000 1000.0000 2.0000 225.5433 337.4123 48.0120 13.3670 142.7900 304.7500 589.0775 381.4924 21.5385 29.6000 18.2541 Examples/etopo_extended/_41 
3.0000 10.0000 100.0000 400.0000 4.0000 308.3859 343.8386 41.1459 12.8227 227.0500 303.2400 704.7797 388.0791 21.4286 40.5000 11.0506 Examples/etopo_extended/_11 
3.0000 10.0000 100.0000 400.0000 4.0000 347.8110 339.7246 45.4768 9.9877 252.5300 316.1900 738.0062 383.3297 21.4286 45.2500 8.8300 Examples/etopo_extended/_13 
3.0000 10.0000 100.0000 400.0000 4.0000 297.5913 338.2016 44.6580 11.9524 176.9600 311.7000 685.6121 381.6867 19.6429 45.2500 8.0050 Examples/etopo_extended/_14 
3.0000 10.0000 100.0000 400.0000 4.0000 274.8718 330.4086 35.9712 12.9641 203.1800 301.7400 653.5508 372.1822 21.4286 41.0000 8.6759 Examples/etopo_extended/_15 
3.0000 10.0000 100.0000 400.0000 4.0000 268.1097 355.1302 37.7371 12.9218 196.8300 334.0600 674.9310 401.8141 20.0000 41.0000 4.0250 Examples/etopo_extended/_16 
3.0000 10.0000 100.0000 10000.0000 100.0000 88.2637 370.1662 10.7539 13.6761 72.7400 322.0400 498.6779 421.5812 24.1379 4.6200 53.6784 Examples/etopo_extended/_1 
3.0000 10.0000 100.0000 10000.0000 100.0000 89.1804 377.2589 10.8760 10.7511 71.0700 343.7300 507.9481 429.5405 20.0000 4.7300 52.1509 Examples/etopo_extended/_0 
3.0000 10.0000 100.0000 10000.0000 100.0000 121.8614 329.5059 5.4204 8.7998 109.0700 313.8000 485.8659 371.6091 24.1379 3.6500 81.8874 Examples/etopo_extended/_1 
3.0000 10.0000 100.0000 1000.0000 10.0000 22870.3246 922.7613 5294.5731 939.7179 12676.2500 247.8300 21264.2091 848.4692 20.0000 29.6000 32.5512 Examples/etopo_extended/_3 
3.0000 10.0000 100.0000 1000.0000 10.0000 425.7719 337.6075 99.4160 14.8213 255.3700 302.8500 767.6098 379.0235 21.4286 31.5000 10.7920 Examples/etopo_extended/_2 
3.0000 10.0000 100.0000 10000.0000 100.0000 165.5167 343.1763 15.7261 16.3843 142.4400 309.8100 534.8142 386.2614 25.4237 3.8700 80.5781 Examples/etopo_extended/_3 
3.0000 10.0000 100.0000 500.0000 5.0000 749.7104 358.9398 67.5949 6.2038 617.3300 341.8000 1186.1055 408.7708 25.4237 45.2000 5.6338 Examples/etopo_extended/_5 
3.0000 10.0000 100.0000 500.0000 5.0000 1357.9638 343.3752 41.5020 3.6470 1276.6900 333.9200 1800.5660 390.0960 22.8070 39.6000 5.6123 Examples/etopo_extended/_6 
3.0000 10.0000 100.0000 500.0000 5.0000 1147.6119 355.7987 75.9480 6.6772 1014.4800 338.1000 1589.5971 404.9355 24.1379 37.6000 5.8501 Examples/etopo_extended/_3 
3.0000 10.0000 100.0000 500.0000 5.0000 1165.1619 351.2557 84.8606 6.5929 1007.8300 332.7800 1599.2197 399.5327 21.4286 42.4000 5.3630 Examples/etopo_extended/_4 
3.0000 10.0000 100.0000 500.0000 5.0000 1152.5237 350.4146 73.7984 6.4434 999.3500 331.2200 1589.4745 398.5801 21.4286 40.0000 5.6116 Examples/etopo_extended/_5 
3.0000 10.0000 100.0000 500.0000 5.0000 127.5800 58.0900 0.0000 0.0000 127.5800 58.0900 194.7564 66.3817 22.8070 100.0000 5.9203 Examples/etopo_extended/_6 
3.0000 10.0000 100.0000 500.0000 5.0000 127.5800 58.0900 0.0000 0.0000 127.5800 58.0900 194.7564 66.3817 20.0000 100.0000 5.8537 Examples/etopo_extended/_7 
3.0000 10.0000 100.0000 500.0000 5.0000 1111.3933 350.0543 6.2221 1.5093 1097.8700 346.1100 1560.3832 399.0382 25.4237 41.2000 5.7950 Examples/etopo_extended/_8 
3.0000 10.0000 100.0000 500.0000 5.0000 1551.9762 339.5875 11.5867 2.7827 1532.5700 334.4000 2000.1197 385.8242 22.8070 37.4000 5.5338 Examples/etopo_extended/_9 
3.0000 10.0000 100.0000 500.0000 5.0000 1600.5672 337.3141 11.9266 2.5543 1571.2300 331.1500 2047.1806 383.1326 20.0000 42.4000 4.9625 Examples/etopo_extended/_10 
3.0000 10.0000 100.0000 500.0000 5.0000 1619.0329 339.7912 18.9366 2.7250 1589.6300 334.5400 2068.8941 385.9901 21.4286 48.6000 5.0673 Examples/etopo_extended/_11 
3.0000 10.0000 100.0000 500.0000 5.0000 873.9055 603.6810 7.9144 23.8199 856.0300 553.6000 1590.4555 683.7330 21.4286 34.8000 8.0090 Examples/etopo_extended/_13 
3.0000 10.0000 100.0000 500.0000 5.0000 409.5617 538.6188 9.6224 13.8116 389.8600 496.6300 1031.5768 612.0015 24.1379 26.4000 6.4234 Examples/etopo_extended/_14 
3.0000 10.0000 100.0000 500.0000 5.0000 415.9600 462.6100 0.0000 0.0000 415.9600 462.6100 967.2468 528.7397 24.1379 100.0000 7.0640 Examples/etopo_extended/_15 
3.0000 10.0000 100.0000 500.0000 5.0000 203.5525 356.0441 0.3294 0.0162 203.1400 356.0100 626.6052 403.8303 22.8070 35.8000 5.1019 Examples/etopo_extended/_16 
3.0000 10.0000 100.0000 500.0000 5.0000 374.9876 512.3700 0.0790 0.0000 374.8500 512.3700 960.2461 582.2667 25.4237 67.2000 6.6366 Examples/etopo_extended/_18 
3.0000 10.0000 100.0000 500.0000 5.0000 374.9948 512.3700 0.0879 0.0000 374.8600 512.3700 960.2464 582.2669 21.4286 67.4000 6.5697 Examples/etopo_extended/_19 
3.0000 10.0000 100.0000 500.0000 5.0000 325.9138 212.6200 0.1202 0.0000 325.8300 212.6200 588.9471 239.1457 21.4286 64.4000 5.4269 Examples/etopo_extended/_20 
3.0000 10.0000 100.0000 500.0000 5.0000 607.4473 259.4800 0.0589 0.0000 607.4000 259.4800 930.2579 290.1901 21.4286 83.6000 5.9066 Examples/etopo_extended/_21 
3.0000 10.0000 100.0000 500.0000 5.0000 382.9749 270.0723 68.4419 18.7297 261.5800 222.7000 627.1802 296.5622 22.8070 28.4000 6.0643 Examples/etopo_extended/_22 
3.0000 10.0000 100.0000 1000.0000 10.0000 401.5202 252.7978 94.8636 17.3386 273.1900 215.6100 576.0312 262.1781 20.0000 27.6000 11.1084 Examples/etopo_extended/_4 
3.0000 10.0000 100.0000 1000.0000 10.0000 922.9522 217.7089 43.9411 14.1264 843.9800 181.8900 1175.5132 241.1082 24.1379 27.1000 11.2211 Examples/etopo_extended/_5 
3.0000 10.0000 100.0000 1000.0000 10.0000 927.2847 216.5168 51.2226 12.8647 845.3000 187.5300 1180.1662 240.0283 24.1379 25.0000 11.0677 Examples/etopo_extended/_8 
3.0000 10.0000 100.0000 2000.0000 20.0000 127.5800 58.0900 0.0000 0.0000 127.5800 58.0900 193.8275 66.3817 22.8070 100.0000 18.9036 Examples/etopo_extended/_11 
3.0000 10.0000 100.0000 500.0000 5.0000 393.5661 202.1627 62.8099 14.0010 284.6300 176.4000 587.2362 216.0888 20.0000 35.6000 5.5327 Examples/etopo_extended/_14 
3.0000 10.0000 100.0000 700.0000 7.0000 295.2604 221.7390 27.7403 10.9662 243.5900 195.6700 515.9539 245.0601 21.4286 24.8580 7.0506 Examples/etopo_extended/_18 
3.0000 10.0000 100.0000 600.0000 6.0000 368.9983 204.6149 50.3460 8.9417 266.8900 185.9600 568.1448 219.0078 21.4286 31.0020 6.5035 Examples/etopo_extended/_3 
3.0000 10.0000 100.0000 1000.0000 10.0000 141.1800 357.9200 0.0000 0.0000 141.1800 357.9200 549.4568 408.5313 21.4286 100.0000 9.8780 Examples/etopo_extended/_5 
3.0000 10.0000 100.0000 1000.0000 10.0000 1116.4100 245.2900 0.0000 0.0000 1116.4100 245.2900 1415.8334 274.6483 22.8070 100.0000 10.3153 Examples/etopo_extended/_7 
3.0000 10.0000 100.0000 1000.0000 10.0000 473.9018 202.6377 10.0202 3.1375 453.5600 196.2000 704.0325 226.6492 20.0000 21.5000 9.7643 Examples/etopo_extended/_9 
3.0000 10.0000 100.0000 10000.0000 100.0000 509.5584 205.5000 0.1449 0.0000 509.4100 205.5000 741.1560 230.2214 20.0000 64.6200 82.6353 Examples/etopo_extended/_1 
3.0000 10.0000 100.0000 1000.0000 10.0000 525.2789 224.6988 9.2695 11.6574 497.3100 202.5900 761.5034 236.7945 21.4286 15.8000 9.7160 Examples/etopo_extended/_2 
3.0000 10.0000 100.0000 10000.0000 100.0000 498.3987 222.9839 10.7176 22.8999 483.4500 184.0300 711.0782 229.8568 22.8070 3.6600 81.6404 Examples/etopo_extended/_4 
3.0000 10.0000 100.0000 500.0000 5.0000 531.3811 248.8736 10.3381 21.9606 509.7200 198.0100 796.7083 256.3244 21.4286 24.4000 5.7404 Examples/etopo_extended/_1 
