
samples_per_chain:,1000
burnin:,0.25
num params:,21
initial_proposed_vec:,[1.99178372e+00 4.49671532e-01 7.09167134e-01 1.26479727e+00
 8.95796933e-01 1.74587320e+00 1.80432019e+00 1.27621052e-01
 2.52355353e+00 1.97238610e+00 2.17952365e+00 1.04322397e+00
 1.39048482e+00 2.56346405e-01 2.77210365e-01 3.36940825e-01
 5.96468392e-06 5.19848364e-01 1.77534227e+00 1.29130081e-01
 6.75006669e-01]
stepsize_vec:,[3.e-01 3.e-01 3.e-01 3.e-01 3.e-01 3.e-01 3.e-01 3.e-01 3.e-01 3.e-01
 3.e-01 3.e-01 3.e-01 3.e-01 3.e-01 3.e-01 2.e-07 1.e-01 2.e-01 1.e-01
 1.e-01]
step_ratio_vec:,[0.1 0.1 0.1 0.1 0.1 0.1 0.1 0.1 0.1 0.1 0.1 0.1 0.1 0.1 0.1 0.1 0.1 0.1
 0.1 0.1 0.1]
swap interval:,100
sim interval:,[      0.  250000.  500000.  750000. 1000000.]
likelihood_sed (T/F):,True
erodep_coords:,[[42 10]
 [39  8]
 [75 51]
 [59 13]
 [40  5]
 [ 6 20]
 [14 66]
 [ 4 40]
 [72 73]
 [46 64]]
sed scaling factor:,50
samples_per_chain:,1000
burnin:,0.25
num params:,21
initial_proposed_vec:,[1.99178372e+00 4.49671532e-01 7.09167134e-01 1.26479727e+00
 8.95796933e-01 1.74587320e+00 1.80432019e+00 1.27621052e-01
 2.52355353e+00 1.97238610e+00 2.17952365e+00 1.04322397e+00
 1.39048482e+00 2.56346405e-01 2.77210365e-01 3.36940825e-01
 5.96468392e-06 5.19848364e-01 1.77534227e+00 1.29130081e-01
 6.75006669e-01]
stepsize_vec:,[3.e-01 3.e-01 3.e-01 3.e-01 3.e-01 3.e-01 3.e-01 3.e-01 3.e-01 3.e-01
 3.e-01 3.e-01 3.e-01 3.e-01 3.e-01 3.e-01 2.e-07 1.e-01 2.e-01 1.e-01
 1.e-01]
step_ratio_vec:,[0.1 0.1 0.1 0.1 0.1 0.1 0.1 0.1 0.1 0.1 0.1 0.1 0.1 0.1 0.1 0.1 0.1 0.1
 0.1 0.1 0.1]
swap interval:,100
sim interval:,[      0.  250000.  500000.  750000. 1000000.]
likelihood_sed (T/F):,True
erodep_coords:,[[42 10]
 [39  8]
 [75 51]
 [59 13]
 [40  5]
 [ 6 20]
 [14 66]
 [ 4 40]
 [72 73]
 [46 64]]
sed scaling factor:,50
samples_per_chain:,1000
burnin:,0.25
num params:,21
initial_proposed_vec:,[1.99178372e+00 4.49671532e-01 7.09167134e-01 1.26479727e+00
 8.95796933e-01 1.74587320e+00 1.80432019e+00 1.27621052e-01
 2.52355353e+00 1.97238610e+00 2.17952365e+00 1.04322397e+00
 1.39048482e+00 2.56346405e-01 2.77210365e-01 3.36940825e-01
 5.96468392e-06 5.19848364e-01 1.77534227e+00 1.29130081e-01
 6.75006669e-01]
stepsize_vec:,[3.e-01 3.e-01 3.e-01 3.e-01 3.e-01 3.e-01 3.e-01 3.e-01 3.e-01 3.e-01
 3.e-01 3.e-01 3.e-01 3.e-01 3.e-01 3.e-01 2.e-07 1.e-01 2.e-01 1.e-01
 1.e-01]
step_ratio_vec:,[0.1 0.1 0.1 0.1 0.1 0.1 0.1 0.1 0.1 0.1 0.1 0.1 0.1 0.1 0.1 0.1 0.1 0.1
 0.1 0.1 0.1]
swap interval:,100
sim interval:,[      0.  250000.  500000.  750000. 1000000.]
likelihood_sed (T/F):,True
erodep_coords:,[[42 10]
 [39  8]
 [75 51]
 [59 13]
 [40  5]
 [ 6 20]
 [14 66]
 [ 4 40]
 [72 73]
 [46 64]]
sed scaling factor:,50
samples_per_chain:,1000
burnin:,0.25
num params:,21
initial_proposed_vec:,[1.99178372e+00 4.49671532e-01 7.09167134e-01 1.26479727e+00
 8.95796933e-01 1.74587320e+00 1.80432019e+00 1.27621052e-01
 2.52355353e+00 1.97238610e+00 2.17952365e+00 1.04322397e+00
 1.39048482e+00 2.56346405e-01 2.77210365e-01 3.36940825e-01
 5.96468392e-06 5.19848364e-01 1.77534227e+00 1.29130081e-01
 6.75006669e-01]
stepsize_vec:,[3.e-01 3.e-01 3.e-01 3.e-01 3.e-01 3.e-01 3.e-01 3.e-01 3.e-01 3.e-01
 3.e-01 3.e-01 3.e-01 3.e-01 3.e-01 3.e-01 2.e-07 1.e-01 2.e-01 1.e-01
 1.e-01]
step_ratio_vec:,[0.1 0.1 0.1 0.1 0.1 0.1 0.1 0.1 0.1 0.1 0.1 0.1 0.1 0.1 0.1 0.1 0.1 0.1
 0.1 0.1 0.1]
swap interval:,100
sim interval:,[      0.  250000.  500000.  750000. 1000000.]
likelihood_sed (T/F):,True
erodep_coords:,[[42 10]
 [39  8]
 [75 51]
 [59 13]
 [40  5]
 [ 6 20]
 [14 66]
 [ 4 40]
 [72 73]
 [46 64]]
sed scaling factor:,50
samples_per_chain:,1000
burnin:,0.25
num params:,21
initial_proposed_vec:,[1.99178372e+00 4.49671532e-01 7.09167134e-01 1.26479727e+00
 8.95796933e-01 1.74587320e+00 1.80432019e+00 1.27621052e-01
 2.52355353e+00 1.97238610e+00 2.17952365e+00 1.04322397e+00
 1.39048482e+00 2.56346405e-01 2.77210365e-01 3.36940825e-01
 5.96468392e-06 5.19848364e-01 1.77534227e+00 1.29130081e-01
 6.75006669e-01]
stepsize_vec:,[3.e-01 3.e-01 3.e-01 3.e-01 3.e-01 3.e-01 3.e-01 3.e-01 3.e-01 3.e-01
 3.e-01 3.e-01 3.e-01 3.e-01 3.e-01 3.e-01 2.e-07 1.e-01 2.e-01 1.e-01
 1.e-01]
step_ratio_vec:,[0.1 0.1 0.1 0.1 0.1 0.1 0.1 0.1 0.1 0.1 0.1 0.1 0.1 0.1 0.1 0.1 0.1 0.1
 0.1 0.1 0.1]
swap interval:,100
sim interval:,[      0.  250000.  500000.  750000. 1000000.]
likelihood_sed (T/F):,True
erodep_coords:,[[42 10]
 [39  8]
 [75 51]
 [59 13]
 [40  5]
 [ 6 20]
 [14 66]
 [ 4 40]
 [72 73]
 [46 64]]
sed scaling factor:,50
samples_per_chain:,1000
burnin:,0.25
num params:,21
initial_proposed_vec:,[1.99178372e+00 4.49671532e-01 7.09167134e-01 1.26479727e+00
 8.95796933e-01 1.74587320e+00 1.80432019e+00 1.27621052e-01
 2.52355353e+00 1.97238610e+00 2.17952365e+00 1.04322397e+00
 1.39048482e+00 2.56346405e-01 2.77210365e-01 3.36940825e-01
 5.96468392e-06 5.19848364e-01 1.77534227e+00 1.29130081e-01
 6.75006669e-01]
stepsize_vec:,[3.e-01 3.e-01 3.e-01 3.e-01 3.e-01 3.e-01 3.e-01 3.e-01 3.e-01 3.e-01
 3.e-01 3.e-01 3.e-01 3.e-01 3.e-01 3.e-01 2.e-07 1.e-01 2.e-01 1.e-01
 1.e-01]
step_ratio_vec:,[0.1 0.1 0.1 0.1 0.1 0.1 0.1 0.1 0.1 0.1 0.1 0.1 0.1 0.1 0.1 0.1 0.1 0.1
 0.1 0.1 0.1]
swap interval:,100
sim interval:,[      0.  250000.  500000.  750000. 1000000.]
likelihood_sed (T/F):,True
erodep_coords:,[[42 10]
 [39  8]
 [75 51]
 [59 13]
 [40  5]
 [ 6 20]
 [14 66]
 [ 4 40]
 [72 73]
 [46 64]]
sed scaling factor:,50
samples_per_chain:,1000
burnin:,0.25
num params:,21
initial_proposed_vec:,[1.99178372e+00 4.49671532e-01 7.09167134e-01 1.26479727e+00
 8.95796933e-01 1.74587320e+00 1.80432019e+00 1.27621052e-01
 2.52355353e+00 1.97238610e+00 2.17952365e+00 1.04322397e+00
 1.39048482e+00 2.56346405e-01 2.77210365e-01 3.36940825e-01
 5.96468392e-06 5.19848364e-01 1.77534227e+00 1.29130081e-01
 6.75006669e-01]
stepsize_vec:,[3.e-01 3.e-01 3.e-01 3.e-01 3.e-01 3.e-01 3.e-01 3.e-01 3.e-01 3.e-01
 3.e-01 3.e-01 3.e-01 3.e-01 3.e-01 3.e-01 2.e-07 1.e-01 2.e-01 1.e-01
 1.e-01]
step_ratio_vec:,[0.1 0.1 0.1 0.1 0.1 0.1 0.1 0.1 0.1 0.1 0.1 0.1 0.1 0.1 0.1 0.1 0.1 0.1
 0.1 0.1 0.1]
swap interval:,100
sim interval:,[      0.  250000.  500000.  750000. 1000000.]
likelihood_sed (T/F):,True
erodep_coords:,[[42 10]
 [39  8]
 [75 51]
 [59 13]
 [40  5]
 [ 6 20]
 [14 66]
 [ 4 40]
 [72 73]
 [46 64]]
sed scaling factor:,50
samples_per_chain:,1000
burnin:,0.25
num params:,21
initial_proposed_vec:,[1.99178372e+00 4.49671532e-01 7.09167134e-01 1.26479727e+00
 8.95796933e-01 1.74587320e+00 1.80432019e+00 1.27621052e-01
 2.52355353e+00 1.97238610e+00 2.17952365e+00 1.04322397e+00
 1.39048482e+00 2.56346405e-01 2.77210365e-01 3.36940825e-01
 5.96468392e-06 5.19848364e-01 1.77534227e+00 1.29130081e-01
 6.75006669e-01]
stepsize_vec:,[3.e-01 3.e-01 3.e-01 3.e-01 3.e-01 3.e-01 3.e-01 3.e-01 3.e-01 3.e-01
 3.e-01 3.e-01 3.e-01 3.e-01 3.e-01 3.e-01 2.e-07 1.e-01 2.e-01 1.e-01
 1.e-01]
step_ratio_vec:,[0.1 0.1 0.1 0.1 0.1 0.1 0.1 0.1 0.1 0.1 0.1 0.1 0.1 0.1 0.1 0.1 0.1 0.1
 0.1 0.1 0.1]
swap interval:,100
sim interval:,[      0.  250000.  500000.  750000. 1000000.]
likelihood_sed (T/F):,True
erodep_coords:,[[42 10]
 [39  8]
 [75 51]
 [59 13]
 [40  5]
 [ 6 20]
 [14 66]
 [ 4 40]
 [72 73]
 [46 64]]
sed scaling factor:,50
samples_per_chain:,1000
burnin:,0.25
num params:,21
initial_proposed_vec:,[1.99178372e+00 4.49671532e-01 7.09167134e-01 1.26479727e+00
 8.95796933e-01 1.74587320e+00 1.80432019e+00 1.27621052e-01
 2.52355353e+00 1.97238610e+00 2.17952365e+00 1.04322397e+00
 1.39048482e+00 2.56346405e-01 2.77210365e-01 3.36940825e-01
 5.96468392e-06 5.19848364e-01 1.77534227e+00 1.29130081e-01
 6.75006669e-01]
stepsize_vec:,[3.e-01 3.e-01 3.e-01 3.e-01 3.e-01 3.e-01 3.e-01 3.e-01 3.e-01 3.e-01
 3.e-01 3.e-01 3.e-01 3.e-01 3.e-01 3.e-01 2.e-07 1.e-01 2.e-01 1.e-01
 1.e-01]
step_ratio_vec:,[0.1 0.1 0.1 0.1 0.1 0.1 0.1 0.1 0.1 0.1 0.1 0.1 0.1 0.1 0.1 0.1 0.1 0.1
 0.1 0.1 0.1]
swap interval:,100
sim interval:,[      0.  250000.  500000.  750000. 1000000.]
likelihood_sed (T/F):,True
erodep_coords:,[[42 10]
 [39  8]
 [75 51]
 [59 13]
 [40  5]
 [ 6 20]
 [14 66]
 [ 4 40]
 [72 73]
 [46 64]]
sed scaling factor:,50
samples_per_chain:,1000
burnin:,0.25
num params:,21
initial_proposed_vec:,[1.99178372e+00 4.49671532e-01 7.09167134e-01 1.26479727e+00
 8.95796933e-01 1.74587320e+00 1.80432019e+00 1.27621052e-01
 2.52355353e+00 1.97238610e+00 2.17952365e+00 1.04322397e+00
 1.39048482e+00 2.56346405e-01 2.77210365e-01 3.36940825e-01
 5.96468392e-06 5.19848364e-01 1.77534227e+00 1.29130081e-01
 6.75006669e-01]
stepsize_vec:,[3.e-01 3.e-01 3.e-01 3.e-01 3.e-01 3.e-01 3.e-01 3.e-01 3.e-01 3.e-01
 3.e-01 3.e-01 3.e-01 3.e-01 3.e-01 3.e-01 2.e-07 1.e-01 2.e-01 1.e-01
 1.e-01]
step_ratio_vec:,[0.1 0.1 0.1 0.1 0.1 0.1 0.1 0.1 0.1 0.1 0.1 0.1 0.1 0.1 0.1 0.1 0.1 0.1
 0.1 0.1 0.1]
swap interval:,100
sim interval:,[      0.  250000.  500000.  750000. 1000000.]
likelihood_sed (T/F):,True
erodep_coords:,[[42 10]
 [39  8]
 [75 51]
 [59 13]
 [40  5]
 [ 6 20]
 [14 66]
 [ 4 40]
 [72 73]
 [46 64]]
sed scaling factor:,50