
samples_per_chain:,4000
burnin:,0.25
num params:,13
initial_proposed_vec:,[1.58641503e+00 1.10332693e+00 1.53638650e+00 1.22291203e+00
 7.88791743e-01 9.44567100e-01 1.50869371e+00 1.36410329e+00
 5.32352978e-06 2.03195812e-01 1.36463370e+00 9.87894927e-02
 1.65594298e-02]
stepsize_vec:,[3.e-01 3.e-01 3.e-01 3.e-01 3.e-01 3.e-01 3.e-01 3.e-01 2.e-07 1.e-01
 2.e-01 1.e-01 1.e-01]
step_ratio_vec:,[0.1 0.1 0.1 0.1 0.1 0.1 0.1 0.1 0.1 0.1 0.1 0.1 0.1]
swap interval:,400
sim interval:,[      0.  250000.  500000.  750000. 1000000.]
likelihood_sed (T/F):,True
erodep_coords:,[[42 10]
 [39  8]
 [75 51]
 [59 13]
 [40  5]
 [ 6 20]
 [14 66]
 [ 4 40]
 [72 73]
 [46 64]]
sed scaling factor:,50
samples_per_chain:,4000
burnin:,0.25
num params:,13
initial_proposed_vec:,[1.58641503e+00 1.10332693e+00 1.53638650e+00 1.22291203e+00
 7.88791743e-01 9.44567100e-01 1.50869371e+00 1.36410329e+00
 5.32352978e-06 2.03195812e-01 1.36463370e+00 9.87894927e-02
 1.65594298e-02]
stepsize_vec:,[3.e-01 3.e-01 3.e-01 3.e-01 3.e-01 3.e-01 3.e-01 3.e-01 2.e-07 1.e-01
 2.e-01 1.e-01 1.e-01]
step_ratio_vec:,[0.1 0.1 0.1 0.1 0.1 0.1 0.1 0.1 0.1 0.1 0.1 0.1 0.1]
swap interval:,400
sim interval:,[      0.  250000.  500000.  750000. 1000000.]
likelihood_sed (T/F):,True
erodep_coords:,[[42 10]
 [39  8]
 [75 51]
 [59 13]
 [40  5]
 [ 6 20]
 [14 66]
 [ 4 40]
 [72 73]
 [46 64]]
sed scaling factor:,50
samples_per_chain:,4000
burnin:,0.25
num params:,13
initial_proposed_vec:,[1.58641503e+00 1.10332693e+00 1.53638650e+00 1.22291203e+00
 7.88791743e-01 9.44567100e-01 1.50869371e+00 1.36410329e+00
 5.32352978e-06 2.03195812e-01 1.36463370e+00 9.87894927e-02
 1.65594298e-02]
stepsize_vec:,[3.e-01 3.e-01 3.e-01 3.e-01 3.e-01 3.e-01 3.e-01 3.e-01 2.e-07 1.e-01
 2.e-01 1.e-01 1.e-01]
step_ratio_vec:,[0.1 0.1 0.1 0.1 0.1 0.1 0.1 0.1 0.1 0.1 0.1 0.1 0.1]
swap interval:,400
sim interval:,[      0.  250000.  500000.  750000. 1000000.]
likelihood_sed (T/F):,True
erodep_coords:,[[42 10]
 [39  8]
 [75 51]
 [59 13]
 [40  5]
 [ 6 20]
 [14 66]
 [ 4 40]
 [72 73]
 [46 64]]
sed scaling factor:,50
samples_per_chain:,4000
burnin:,0.25
num params:,13
initial_proposed_vec:,[1.58641503e+00 1.10332693e+00 1.53638650e+00 1.22291203e+00
 7.88791743e-01 9.44567100e-01 1.50869371e+00 1.36410329e+00
 5.32352978e-06 2.03195812e-01 1.36463370e+00 9.87894927e-02
 1.65594298e-02]
stepsize_vec:,[3.e-01 3.e-01 3.e-01 3.e-01 3.e-01 3.e-01 3.e-01 3.e-01 2.e-07 1.e-01
 2.e-01 1.e-01 1.e-01]
step_ratio_vec:,[0.1 0.1 0.1 0.1 0.1 0.1 0.1 0.1 0.1 0.1 0.1 0.1 0.1]
swap interval:,400
sim interval:,[      0.  250000.  500000.  750000. 1000000.]
likelihood_sed (T/F):,True
erodep_coords:,[[42 10]
 [39  8]
 [75 51]
 [59 13]
 [40  5]
 [ 6 20]
 [14 66]
 [ 4 40]
 [72 73]
 [46 64]]
sed scaling factor:,50
samples_per_chain:,4000
burnin:,0.25
num params:,13
initial_proposed_vec:,[1.58641503e+00 1.10332693e+00 1.53638650e+00 1.22291203e+00
 7.88791743e-01 9.44567100e-01 1.50869371e+00 1.36410329e+00
 5.32352978e-06 2.03195812e-01 1.36463370e+00 9.87894927e-02
 1.65594298e-02]
stepsize_vec:,[3.e-01 3.e-01 3.e-01 3.e-01 3.e-01 3.e-01 3.e-01 3.e-01 2.e-07 1.e-01
 2.e-01 1.e-01 1.e-01]
step_ratio_vec:,[0.1 0.1 0.1 0.1 0.1 0.1 0.1 0.1 0.1 0.1 0.1 0.1 0.1]
swap interval:,400
sim interval:,[      0.  250000.  500000.  750000. 1000000.]
likelihood_sed (T/F):,True
erodep_coords:,[[42 10]
 [39  8]
 [75 51]
 [59 13]
 [40  5]
 [ 6 20]
 [14 66]
 [ 4 40]
 [72 73]
 [46 64]]
sed scaling factor:,50
samples_per_chain:,4000
burnin:,0.25
num params:,13
initial_proposed_vec:,[1.58641503e+00 1.10332693e+00 1.53638650e+00 1.22291203e+00
 7.88791743e-01 9.44567100e-01 1.50869371e+00 1.36410329e+00
 5.32352978e-06 2.03195812e-01 1.36463370e+00 9.87894927e-02
 1.65594298e-02]
stepsize_vec:,[3.e-01 3.e-01 3.e-01 3.e-01 3.e-01 3.e-01 3.e-01 3.e-01 2.e-07 1.e-01
 2.e-01 1.e-01 1.e-01]
step_ratio_vec:,[0.1 0.1 0.1 0.1 0.1 0.1 0.1 0.1 0.1 0.1 0.1 0.1 0.1]
swap interval:,400
sim interval:,[      0.  250000.  500000.  750000. 1000000.]
likelihood_sed (T/F):,True
erodep_coords:,[[42 10]
 [39  8]
 [75 51]
 [59 13]
 [40  5]
 [ 6 20]
 [14 66]
 [ 4 40]
 [72 73]
 [46 64]]
sed scaling factor:,50
samples_per_chain:,4000
burnin:,0.25
num params:,13
initial_proposed_vec:,[1.58641503e+00 1.10332693e+00 1.53638650e+00 1.22291203e+00
 7.88791743e-01 9.44567100e-01 1.50869371e+00 1.36410329e+00
 5.32352978e-06 2.03195812e-01 1.36463370e+00 9.87894927e-02
 1.65594298e-02]
stepsize_vec:,[3.e-01 3.e-01 3.e-01 3.e-01 3.e-01 3.e-01 3.e-01 3.e-01 2.e-07 1.e-01
 2.e-01 1.e-01 1.e-01]
step_ratio_vec:,[0.1 0.1 0.1 0.1 0.1 0.1 0.1 0.1 0.1 0.1 0.1 0.1 0.1]
swap interval:,400
sim interval:,[      0.  250000.  500000.  750000. 1000000.]
likelihood_sed (T/F):,True
erodep_coords:,[[42 10]
 [39  8]
 [75 51]
 [59 13]
 [40  5]
 [ 6 20]
 [14 66]
 [ 4 40]
 [72 73]
 [46 64]]
sed scaling factor:,50
samples_per_chain:,4000
burnin:,0.25
num params:,13
initial_proposed_vec:,[1.58641503e+00 1.10332693e+00 1.53638650e+00 1.22291203e+00
 7.88791743e-01 9.44567100e-01 1.50869371e+00 1.36410329e+00
 5.32352978e-06 2.03195812e-01 1.36463370e+00 9.87894927e-02
 1.65594298e-02]
stepsize_vec:,[3.e-01 3.e-01 3.e-01 3.e-01 3.e-01 3.e-01 3.e-01 3.e-01 2.e-07 1.e-01
 2.e-01 1.e-01 1.e-01]
step_ratio_vec:,[0.1 0.1 0.1 0.1 0.1 0.1 0.1 0.1 0.1 0.1 0.1 0.1 0.1]
swap interval:,400
sim interval:,[      0.  250000.  500000.  750000. 1000000.]
likelihood_sed (T/F):,True
erodep_coords:,[[42 10]
 [39  8]
 [75 51]
 [59 13]
 [40  5]
 [ 6 20]
 [14 66]
 [ 4 40]
 [72 73]
 [46 64]]
sed scaling factor:,50
samples_per_chain:,4000
burnin:,0.25
num params:,13
initial_proposed_vec:,[1.58641503e+00 1.10332693e+00 1.53638650e+00 1.22291203e+00
 7.88791743e-01 9.44567100e-01 1.50869371e+00 1.36410329e+00
 5.32352978e-06 2.03195812e-01 1.36463370e+00 9.87894927e-02
 1.65594298e-02]
stepsize_vec:,[3.e-01 3.e-01 3.e-01 3.e-01 3.e-01 3.e-01 3.e-01 3.e-01 2.e-07 1.e-01
 2.e-01 1.e-01 1.e-01]
step_ratio_vec:,[0.1 0.1 0.1 0.1 0.1 0.1 0.1 0.1 0.1 0.1 0.1 0.1 0.1]
swap interval:,400
sim interval:,[      0.  250000.  500000.  750000. 1000000.]
likelihood_sed (T/F):,True
erodep_coords:,[[42 10]
 [39  8]
 [75 51]
 [59 13]
 [40  5]
 [ 6 20]
 [14 66]
 [ 4 40]
 [72 73]
 [46 64]]
sed scaling factor:,50
samples_per_chain:,4000
burnin:,0.25
num params:,13
initial_proposed_vec:,[1.58641503e+00 1.10332693e+00 1.53638650e+00 1.22291203e+00
 7.88791743e-01 9.44567100e-01 1.50869371e+00 1.36410329e+00
 5.32352978e-06 2.03195812e-01 1.36463370e+00 9.87894927e-02
 1.65594298e-02]
stepsize_vec:,[3.e-01 3.e-01 3.e-01 3.e-01 3.e-01 3.e-01 3.e-01 3.e-01 2.e-07 1.e-01
 2.e-01 1.e-01 1.e-01]
step_ratio_vec:,[0.1 0.1 0.1 0.1 0.1 0.1 0.1 0.1 0.1 0.1 0.1 0.1 0.1]
swap interval:,400
sim interval:,[      0.  250000.  500000.  750000. 1000000.]
likelihood_sed (T/F):,True
erodep_coords:,[[42 10]
 [39  8]
 [75 51]
 [59 13]
 [40  5]
 [ 6 20]
 [14 66]
 [ 4 40]
 [72 73]
 [46 64]]
sed scaling factor:,50