
samples_per_chain:,2000
burnin:,0.25
num params:,13
initial_proposed_vec:,[2.93424984e+00 2.50922089e+00 3.00963258e-01 1.48185102e+00
 2.54259952e+00 2.93665033e-01 6.41316508e-01 1.53974162e+00
 5.27307603e-06 4.15687167e-02 7.61800051e-01 4.22682503e-01
 1.87996527e-01]
stepsize_vec:,[3.e-01 3.e-01 3.e-01 3.e-01 3.e-01 3.e-01 3.e-01 3.e-01 2.e-07 1.e-01
 2.e-01 1.e-01 1.e-01]
step_ratio_vec:,[0.1 0.1 0.1 0.1 0.1 0.1 0.1 0.1 0.1 0.1 0.1 0.1 0.1]
swap interval:,20
sim interval:,[      0.  250000.  500000.  750000. 1000000.]
likelihood_sed (T/F):,True
erodep_coords:,[[42 10]
 [39  8]
 [75 51]
 [59 13]
 [40  5]
 [ 6 20]
 [14 66]
 [ 4 40]
 [72 73]
 [46 64]]
sed scaling factor:,50
samples_per_chain:,2000
burnin:,0.25
num params:,13
initial_proposed_vec:,[2.93424984e+00 2.50922089e+00 3.00963258e-01 1.48185102e+00
 2.54259952e+00 2.93665033e-01 6.41316508e-01 1.53974162e+00
 5.27307603e-06 4.15687167e-02 7.61800051e-01 4.22682503e-01
 1.87996527e-01]
stepsize_vec:,[3.e-01 3.e-01 3.e-01 3.e-01 3.e-01 3.e-01 3.e-01 3.e-01 2.e-07 1.e-01
 2.e-01 1.e-01 1.e-01]
step_ratio_vec:,[0.1 0.1 0.1 0.1 0.1 0.1 0.1 0.1 0.1 0.1 0.1 0.1 0.1]
swap interval:,20
sim interval:,[      0.  250000.  500000.  750000. 1000000.]
likelihood_sed (T/F):,True
erodep_coords:,[[42 10]
 [39  8]
 [75 51]
 [59 13]
 [40  5]
 [ 6 20]
 [14 66]
 [ 4 40]
 [72 73]
 [46 64]]
sed scaling factor:,50
samples_per_chain:,2000
burnin:,0.25
num params:,13
initial_proposed_vec:,[2.93424984e+00 2.50922089e+00 3.00963258e-01 1.48185102e+00
 2.54259952e+00 2.93665033e-01 6.41316508e-01 1.53974162e+00
 5.27307603e-06 4.15687167e-02 7.61800051e-01 4.22682503e-01
 1.87996527e-01]
stepsize_vec:,[3.e-01 3.e-01 3.e-01 3.e-01 3.e-01 3.e-01 3.e-01 3.e-01 2.e-07 1.e-01
 2.e-01 1.e-01 1.e-01]
step_ratio_vec:,[0.1 0.1 0.1 0.1 0.1 0.1 0.1 0.1 0.1 0.1 0.1 0.1 0.1]
swap interval:,20
sim interval:,[      0.  250000.  500000.  750000. 1000000.]
likelihood_sed (T/F):,True
erodep_coords:,[[42 10]
 [39  8]
 [75 51]
 [59 13]
 [40  5]
 [ 6 20]
 [14 66]
 [ 4 40]
 [72 73]
 [46 64]]
sed scaling factor:,50
samples_per_chain:,2000
burnin:,0.25
num params:,13
initial_proposed_vec:,[2.93424984e+00 2.50922089e+00 3.00963258e-01 1.48185102e+00
 2.54259952e+00 2.93665033e-01 6.41316508e-01 1.53974162e+00
 5.27307603e-06 4.15687167e-02 7.61800051e-01 4.22682503e-01
 1.87996527e-01]
stepsize_vec:,[3.e-01 3.e-01 3.e-01 3.e-01 3.e-01 3.e-01 3.e-01 3.e-01 2.e-07 1.e-01
 2.e-01 1.e-01 1.e-01]
step_ratio_vec:,[0.1 0.1 0.1 0.1 0.1 0.1 0.1 0.1 0.1 0.1 0.1 0.1 0.1]
swap interval:,20
sim interval:,[      0.  250000.  500000.  750000. 1000000.]
likelihood_sed (T/F):,True
erodep_coords:,[[42 10]
 [39  8]
 [75 51]
 [59 13]
 [40  5]
 [ 6 20]
 [14 66]
 [ 4 40]
 [72 73]
 [46 64]]
sed scaling factor:,50
samples_per_chain:,2000
burnin:,0.25
num params:,13
initial_proposed_vec:,[2.93424984e+00 2.50922089e+00 3.00963258e-01 1.48185102e+00
 2.54259952e+00 2.93665033e-01 6.41316508e-01 1.53974162e+00
 5.27307603e-06 4.15687167e-02 7.61800051e-01 4.22682503e-01
 1.87996527e-01]
stepsize_vec:,[3.e-01 3.e-01 3.e-01 3.e-01 3.e-01 3.e-01 3.e-01 3.e-01 2.e-07 1.e-01
 2.e-01 1.e-01 1.e-01]
step_ratio_vec:,[0.1 0.1 0.1 0.1 0.1 0.1 0.1 0.1 0.1 0.1 0.1 0.1 0.1]
swap interval:,20
sim interval:,[      0.  250000.  500000.  750000. 1000000.]
likelihood_sed (T/F):,True
erodep_coords:,[[42 10]
 [39  8]
 [75 51]
 [59 13]
 [40  5]
 [ 6 20]
 [14 66]
 [ 4 40]
 [72 73]
 [46 64]]
sed scaling factor:,50
samples_per_chain:,2000
burnin:,0.25
num params:,13
initial_proposed_vec:,[2.93424984e+00 2.50922089e+00 3.00963258e-01 1.48185102e+00
 2.54259952e+00 2.93665033e-01 6.41316508e-01 1.53974162e+00
 5.27307603e-06 4.15687167e-02 7.61800051e-01 4.22682503e-01
 1.87996527e-01]
stepsize_vec:,[3.e-01 3.e-01 3.e-01 3.e-01 3.e-01 3.e-01 3.e-01 3.e-01 2.e-07 1.e-01
 2.e-01 1.e-01 1.e-01]
step_ratio_vec:,[0.1 0.1 0.1 0.1 0.1 0.1 0.1 0.1 0.1 0.1 0.1 0.1 0.1]
swap interval:,20
sim interval:,[      0.  250000.  500000.  750000. 1000000.]
likelihood_sed (T/F):,True
erodep_coords:,[[42 10]
 [39  8]
 [75 51]
 [59 13]
 [40  5]
 [ 6 20]
 [14 66]
 [ 4 40]
 [72 73]
 [46 64]]
sed scaling factor:,50
samples_per_chain:,2000
burnin:,0.25
num params:,13
initial_proposed_vec:,[2.93424984e+00 2.50922089e+00 3.00963258e-01 1.48185102e+00
 2.54259952e+00 2.93665033e-01 6.41316508e-01 1.53974162e+00
 5.27307603e-06 4.15687167e-02 7.61800051e-01 4.22682503e-01
 1.87996527e-01]
stepsize_vec:,[3.e-01 3.e-01 3.e-01 3.e-01 3.e-01 3.e-01 3.e-01 3.e-01 2.e-07 1.e-01
 2.e-01 1.e-01 1.e-01]
step_ratio_vec:,[0.1 0.1 0.1 0.1 0.1 0.1 0.1 0.1 0.1 0.1 0.1 0.1 0.1]
swap interval:,20
sim interval:,[      0.  250000.  500000.  750000. 1000000.]
likelihood_sed (T/F):,True
erodep_coords:,[[42 10]
 [39  8]
 [75 51]
 [59 13]
 [40  5]
 [ 6 20]
 [14 66]
 [ 4 40]
 [72 73]
 [46 64]]
sed scaling factor:,50
samples_per_chain:,2000
burnin:,0.25
num params:,13
initial_proposed_vec:,[2.93424984e+00 2.50922089e+00 3.00963258e-01 1.48185102e+00
 2.54259952e+00 2.93665033e-01 6.41316508e-01 1.53974162e+00
 5.27307603e-06 4.15687167e-02 7.61800051e-01 4.22682503e-01
 1.87996527e-01]
stepsize_vec:,[3.e-01 3.e-01 3.e-01 3.e-01 3.e-01 3.e-01 3.e-01 3.e-01 2.e-07 1.e-01
 2.e-01 1.e-01 1.e-01]
step_ratio_vec:,[0.1 0.1 0.1 0.1 0.1 0.1 0.1 0.1 0.1 0.1 0.1 0.1 0.1]
swap interval:,20
sim interval:,[      0.  250000.  500000.  750000. 1000000.]
likelihood_sed (T/F):,True
erodep_coords:,[[42 10]
 [39  8]
 [75 51]
 [59 13]
 [40  5]
 [ 6 20]
 [14 66]
 [ 4 40]
 [72 73]
 [46 64]]
sed scaling factor:,50
samples_per_chain:,2000
burnin:,0.25
num params:,13
initial_proposed_vec:,[2.93424984e+00 2.50922089e+00 3.00963258e-01 1.48185102e+00
 2.54259952e+00 2.93665033e-01 6.41316508e-01 1.53974162e+00
 5.27307603e-06 4.15687167e-02 7.61800051e-01 4.22682503e-01
 1.87996527e-01]
stepsize_vec:,[3.e-01 3.e-01 3.e-01 3.e-01 3.e-01 3.e-01 3.e-01 3.e-01 2.e-07 1.e-01
 2.e-01 1.e-01 1.e-01]
step_ratio_vec:,[0.1 0.1 0.1 0.1 0.1 0.1 0.1 0.1 0.1 0.1 0.1 0.1 0.1]
swap interval:,20
sim interval:,[      0.  250000.  500000.  750000. 1000000.]
likelihood_sed (T/F):,True
erodep_coords:,[[42 10]
 [39  8]
 [75 51]
 [59 13]
 [40  5]
 [ 6 20]
 [14 66]
 [ 4 40]
 [72 73]
 [46 64]]
sed scaling factor:,50
samples_per_chain:,2000
burnin:,0.25
num params:,13
initial_proposed_vec:,[2.93424984e+00 2.50922089e+00 3.00963258e-01 1.48185102e+00
 2.54259952e+00 2.93665033e-01 6.41316508e-01 1.53974162e+00
 5.27307603e-06 4.15687167e-02 7.61800051e-01 4.22682503e-01
 1.87996527e-01]
stepsize_vec:,[3.e-01 3.e-01 3.e-01 3.e-01 3.e-01 3.e-01 3.e-01 3.e-01 2.e-07 1.e-01
 2.e-01 1.e-01 1.e-01]
step_ratio_vec:,[0.1 0.1 0.1 0.1 0.1 0.1 0.1 0.1 0.1 0.1 0.1 0.1 0.1]
swap interval:,20
sim interval:,[      0.  250000.  500000.  750000. 1000000.]
likelihood_sed (T/F):,True
erodep_coords:,[[42 10]
 [39  8]
 [75 51]
 [59 13]
 [40  5]
 [ 6 20]
 [14 66]
 [ 4 40]
 [72 73]
 [46 64]]
sed scaling factor:,50