2.0000 10.0000 10.0000 5000.0000 50.0000 90.4134 75.6527 19.3134 17.7929 61.6100 32.8800 118.5215 57.8235 25.4237 2.4600 45.6342 0.0000 0.0000 0.5000 Examples/etopo_extended/_0 
2.0000 10.0000 10.0000 10000.0000 100.0000 60.5422 49.9285 9.3298 19.3122 45.5100 22.3200 63.2000 28.0745 26.6667 0.8200 76.4293 0.0000 0.0000 0.5000 Examples/etopo_extended/_1 
2.0000 10.0000 10.0000 20000.0000 200.0000 66.7964 77.5224 9.1375 23.2330 47.1500 37.8000 93.1563 55.4775 30.1587 0.5450 153.4764 0.0000 0.0000 0.5000 Examples/etopo_extended/_2 
2.0000 10.0000 10.0000 40000.0000 400.0000 51.0272 44.8621 8.4590 15.4040 41.6400 21.2400 60.7372 33.5418 32.3077 0.1470 297.6888 0.0000 0.0000 0.5000 Examples/etopo_extended/_3 
2.0000 10.0000 10.0000 5000.0000 50.0000 79.8581 68.4326 11.6364 19.8250 54.1700 33.3400 95.9475 49.0884 25.0000 1.5800 43.4285 0.0000 0.0000 0.5000 Examples/etopo_extended/_4 
2.0000 10.0000 10.0000 10000.0000 100.0000 69.3026 48.9990 8.7885 19.4758 50.6200 24.3800 74.8059 32.3419 27.8689 0.9100 74.3135 0.0000 0.0000 0.5000 Examples/etopo_extended/_5 
2.0000 10.0000 10.0000 20000.0000 200.0000 64.4612 49.5123 8.6637 24.9381 39.6900 16.1000 71.9334 35.9196 26.6667 0.4150 149.7268 0.0000 0.0000 0.5000 Examples/etopo_extended/_6 
2.0000 10.0000 10.0000 40000.0000 400.0000 55.0087 52.3488 7.0066 16.3991 43.9200 20.4200 61.4638 30.9686 27.8689 0.3290 297.0048 0.0000 0.0000 0.5000 Examples/etopo_extended/_7 
2.0000 10.0000 10.0000 5000.0000 50.0000 73.2912 51.5025 12.9347 15.6477 43.5900 18.9500 68.9630 28.8187 24.1379 1.5200 39.1384 0.0000 0.0000 0.5000 Examples/etopo_extended/_8 
2.0000 10.0000 10.0000 10000.0000 100.0000 67.4055 50.4723 12.3584 17.7274 45.8100 26.6200 67.8339 29.1644 30.1587 0.7600 76.6733 0.0000 0.0000 0.5000 Examples/etopo_extended/_9 
2.0000 10.0000 10.0000 20000.0000 200.0000 58.9187 55.1031 10.9733 22.0971 39.5500 22.5600 71.8940 38.0922 26.6667 0.5700 149.6822 0.0000 0.0000 0.5000 Examples/etopo_extended/_10 
2.0000 10.0000 10.0000 40000.0000 400.0000 55.6972 50.7514 8.1097 15.7323 44.6600 27.1400 68.1436 38.1191 29.0323 0.2310 298.7979 0.0000 0.0000 0.5000 Examples/etopo_extended/_11 
