
samples_per_chain:,1000
burnin:,0.25
num params:,13
initial_proposed_vec:,[1.65593008e+00 2.62071110e-01 1.58961027e-01 2.45238596e+00
 1.10873234e+00 1.49889600e+00 9.52323070e-01 1.51940240e+00
 4.64672436e-06 2.30164806e-01 1.35344144e+00 3.64198261e-01
 5.14269524e-01]
stepsize_vec:,[3.e-01 3.e-01 3.e-01 3.e-01 3.e-01 3.e-01 3.e-01 3.e-01 2.e-07 1.e-01
 2.e-01 1.e-01 1.e-01]
step_ratio_vec:,[0.1 0.1 0.1 0.1 0.1 0.1 0.1 0.1 0.1 0.1 0.1 0.1 0.1]
swap interval:,100
sim interval:,[      0.  250000.  500000.  750000. 1000000.]
likelihood_sed (T/F):,True
erodep_coords:,[[42 10]
 [39  8]
 [75 51]
 [59 13]
 [40  5]
 [ 6 20]
 [14 66]
 [ 4 40]
 [72 73]
 [46 64]]
sed scaling factor:,50
samples_per_chain:,1000
burnin:,0.25
num params:,13
initial_proposed_vec:,[1.65593008e+00 2.62071110e-01 1.58961027e-01 2.45238596e+00
 1.10873234e+00 1.49889600e+00 9.52323070e-01 1.51940240e+00
 4.64672436e-06 2.30164806e-01 1.35344144e+00 3.64198261e-01
 5.14269524e-01]
stepsize_vec:,[3.e-01 3.e-01 3.e-01 3.e-01 3.e-01 3.e-01 3.e-01 3.e-01 2.e-07 1.e-01
 2.e-01 1.e-01 1.e-01]
step_ratio_vec:,[0.1 0.1 0.1 0.1 0.1 0.1 0.1 0.1 0.1 0.1 0.1 0.1 0.1]
swap interval:,100
sim interval:,[      0.  250000.  500000.  750000. 1000000.]
likelihood_sed (T/F):,True
erodep_coords:,[[42 10]
 [39  8]
 [75 51]
 [59 13]
 [40  5]
 [ 6 20]
 [14 66]
 [ 4 40]
 [72 73]
 [46 64]]
sed scaling factor:,50
samples_per_chain:,1000
burnin:,0.25
num params:,13
initial_proposed_vec:,[1.65593008e+00 2.62071110e-01 1.58961027e-01 2.45238596e+00
 1.10873234e+00 1.49889600e+00 9.52323070e-01 1.51940240e+00
 4.64672436e-06 2.30164806e-01 1.35344144e+00 3.64198261e-01
 5.14269524e-01]
stepsize_vec:,[3.e-01 3.e-01 3.e-01 3.e-01 3.e-01 3.e-01 3.e-01 3.e-01 2.e-07 1.e-01
 2.e-01 1.e-01 1.e-01]
step_ratio_vec:,[0.1 0.1 0.1 0.1 0.1 0.1 0.1 0.1 0.1 0.1 0.1 0.1 0.1]
swap interval:,100
sim interval:,[      0.  250000.  500000.  750000. 1000000.]
likelihood_sed (T/F):,True
erodep_coords:,[[42 10]
 [39  8]
 [75 51]
 [59 13]
 [40  5]
 [ 6 20]
 [14 66]
 [ 4 40]
 [72 73]
 [46 64]]
sed scaling factor:,50
samples_per_chain:,1000
burnin:,0.25
num params:,13
initial_proposed_vec:,[1.65593008e+00 2.62071110e-01 1.58961027e-01 2.45238596e+00
 1.10873234e+00 1.49889600e+00 9.52323070e-01 1.51940240e+00
 4.64672436e-06 2.30164806e-01 1.35344144e+00 3.64198261e-01
 5.14269524e-01]
stepsize_vec:,[3.e-01 3.e-01 3.e-01 3.e-01 3.e-01 3.e-01 3.e-01 3.e-01 2.e-07 1.e-01
 2.e-01 1.e-01 1.e-01]
step_ratio_vec:,[0.1 0.1 0.1 0.1 0.1 0.1 0.1 0.1 0.1 0.1 0.1 0.1 0.1]
swap interval:,100
sim interval:,[      0.  250000.  500000.  750000. 1000000.]
likelihood_sed (T/F):,True
erodep_coords:,[[42 10]
 [39  8]
 [75 51]
 [59 13]
 [40  5]
 [ 6 20]
 [14 66]
 [ 4 40]
 [72 73]
 [46 64]]
sed scaling factor:,50
samples_per_chain:,1000
burnin:,0.25
num params:,13
initial_proposed_vec:,[1.65593008e+00 2.62071110e-01 1.58961027e-01 2.45238596e+00
 1.10873234e+00 1.49889600e+00 9.52323070e-01 1.51940240e+00
 4.64672436e-06 2.30164806e-01 1.35344144e+00 3.64198261e-01
 5.14269524e-01]
stepsize_vec:,[3.e-01 3.e-01 3.e-01 3.e-01 3.e-01 3.e-01 3.e-01 3.e-01 2.e-07 1.e-01
 2.e-01 1.e-01 1.e-01]
step_ratio_vec:,[0.1 0.1 0.1 0.1 0.1 0.1 0.1 0.1 0.1 0.1 0.1 0.1 0.1]
swap interval:,100
sim interval:,[      0.  250000.  500000.  750000. 1000000.]
likelihood_sed (T/F):,True
erodep_coords:,[[42 10]
 [39  8]
 [75 51]
 [59 13]
 [40  5]
 [ 6 20]
 [14 66]
 [ 4 40]
 [72 73]
 [46 64]]
sed scaling factor:,50
samples_per_chain:,1000
burnin:,0.25
num params:,13
initial_proposed_vec:,[1.65593008e+00 2.62071110e-01 1.58961027e-01 2.45238596e+00
 1.10873234e+00 1.49889600e+00 9.52323070e-01 1.51940240e+00
 4.64672436e-06 2.30164806e-01 1.35344144e+00 3.64198261e-01
 5.14269524e-01]
stepsize_vec:,[3.e-01 3.e-01 3.e-01 3.e-01 3.e-01 3.e-01 3.e-01 3.e-01 2.e-07 1.e-01
 2.e-01 1.e-01 1.e-01]
step_ratio_vec:,[0.1 0.1 0.1 0.1 0.1 0.1 0.1 0.1 0.1 0.1 0.1 0.1 0.1]
swap interval:,100
sim interval:,[      0.  250000.  500000.  750000. 1000000.]
likelihood_sed (T/F):,True
erodep_coords:,[[42 10]
 [39  8]
 [75 51]
 [59 13]
 [40  5]
 [ 6 20]
 [14 66]
 [ 4 40]
 [72 73]
 [46 64]]
sed scaling factor:,50
samples_per_chain:,1000
burnin:,0.25
num params:,13
initial_proposed_vec:,[1.65593008e+00 2.62071110e-01 1.58961027e-01 2.45238596e+00
 1.10873234e+00 1.49889600e+00 9.52323070e-01 1.51940240e+00
 4.64672436e-06 2.30164806e-01 1.35344144e+00 3.64198261e-01
 5.14269524e-01]
stepsize_vec:,[3.e-01 3.e-01 3.e-01 3.e-01 3.e-01 3.e-01 3.e-01 3.e-01 2.e-07 1.e-01
 2.e-01 1.e-01 1.e-01]
step_ratio_vec:,[0.1 0.1 0.1 0.1 0.1 0.1 0.1 0.1 0.1 0.1 0.1 0.1 0.1]
swap interval:,100
sim interval:,[      0.  250000.  500000.  750000. 1000000.]
likelihood_sed (T/F):,True
erodep_coords:,[[42 10]
 [39  8]
 [75 51]
 [59 13]
 [40  5]
 [ 6 20]
 [14 66]
 [ 4 40]
 [72 73]
 [46 64]]
sed scaling factor:,50
samples_per_chain:,1000
burnin:,0.25
num params:,13
initial_proposed_vec:,[1.65593008e+00 2.62071110e-01 1.58961027e-01 2.45238596e+00
 1.10873234e+00 1.49889600e+00 9.52323070e-01 1.51940240e+00
 4.64672436e-06 2.30164806e-01 1.35344144e+00 3.64198261e-01
 5.14269524e-01]
stepsize_vec:,[3.e-01 3.e-01 3.e-01 3.e-01 3.e-01 3.e-01 3.e-01 3.e-01 2.e-07 1.e-01
 2.e-01 1.e-01 1.e-01]
step_ratio_vec:,[0.1 0.1 0.1 0.1 0.1 0.1 0.1 0.1 0.1 0.1 0.1 0.1 0.1]
swap interval:,100
sim interval:,[      0.  250000.  500000.  750000. 1000000.]
likelihood_sed (T/F):,True
erodep_coords:,[[42 10]
 [39  8]
 [75 51]
 [59 13]
 [40  5]
 [ 6 20]
 [14 66]
 [ 4 40]
 [72 73]
 [46 64]]
sed scaling factor:,50
samples_per_chain:,1000
burnin:,0.25
num params:,13
initial_proposed_vec:,[1.65593008e+00 2.62071110e-01 1.58961027e-01 2.45238596e+00
 1.10873234e+00 1.49889600e+00 9.52323070e-01 1.51940240e+00
 4.64672436e-06 2.30164806e-01 1.35344144e+00 3.64198261e-01
 5.14269524e-01]
stepsize_vec:,[3.e-01 3.e-01 3.e-01 3.e-01 3.e-01 3.e-01 3.e-01 3.e-01 2.e-07 1.e-01
 2.e-01 1.e-01 1.e-01]
step_ratio_vec:,[0.1 0.1 0.1 0.1 0.1 0.1 0.1 0.1 0.1 0.1 0.1 0.1 0.1]
swap interval:,100
sim interval:,[      0.  250000.  500000.  750000. 1000000.]
likelihood_sed (T/F):,True
erodep_coords:,[[42 10]
 [39  8]
 [75 51]
 [59 13]
 [40  5]
 [ 6 20]
 [14 66]
 [ 4 40]
 [72 73]
 [46 64]]
sed scaling factor:,50
samples_per_chain:,1000
burnin:,0.25
num params:,13
initial_proposed_vec:,[1.65593008e+00 2.62071110e-01 1.58961027e-01 2.45238596e+00
 1.10873234e+00 1.49889600e+00 9.52323070e-01 1.51940240e+00
 4.64672436e-06 2.30164806e-01 1.35344144e+00 3.64198261e-01
 5.14269524e-01]
stepsize_vec:,[3.e-01 3.e-01 3.e-01 3.e-01 3.e-01 3.e-01 3.e-01 3.e-01 2.e-07 1.e-01
 2.e-01 1.e-01 1.e-01]
step_ratio_vec:,[0.1 0.1 0.1 0.1 0.1 0.1 0.1 0.1 0.1 0.1 0.1 0.1 0.1]
swap interval:,100
sim interval:,[      0.  250000.  500000.  750000. 1000000.]
likelihood_sed (T/F):,True
erodep_coords:,[[42 10]
 [39  8]
 [75 51]
 [59 13]
 [40  5]
 [ 6 20]
 [14 66]
 [ 4 40]
 [72 73]
 [46 64]]
sed scaling factor:,50