
samples_per_chain:,1000
burnin:,0.25
num params:,114
initial_proposed_vec:,[1.50000000e+00 1.50000000e+00 1.50000000e+00 1.50000000e+00
 5.00000000e-06 5.00000000e-01 1.00000000e+00 5.00000000e-01
 8.00000000e-01 6.19817158e-01 4.42854769e-02 9.63282434e-01
 1.03123245e-01 5.27463768e-01 7.55951656e-01 1.41099498e-01
 4.71089058e-01 6.46403385e-01 1.21035763e-01 4.85795296e-03
 9.93922552e-02 3.71903394e-01 4.54789840e-03 3.96561634e-01
 7.17715245e-01 3.21979046e-01 2.89270522e-01 7.12034526e-01
 6.28647499e-01 3.99995821e-01 2.94303923e-01 7.49254495e-01
 5.83661086e-01 7.00827177e-01 2.87794703e-01 3.09529261e-01
 7.38255031e-01 1.07095251e-01 5.39841881e-02 6.32853421e-01
 7.86047918e-01 3.36295238e-01 2.37319355e-01 4.90486205e-02
 5.37197894e-01 4.02687329e-01 7.20819013e-01 4.52734357e-01
 2.12836610e-01 5.37860494e-01 6.95877279e-01 4.44280548e-03
 2.97926511e-01 6.58639209e-01 1.69657917e-01 7.39744681e-01
 6.97787494e-01 7.13497322e-01 5.24386363e-01 1.01848106e-01
 2.91636284e-01 4.10659467e-01 2.79177245e-01 4.86688486e-01
 2.59597557e-01 7.21236450e-01 7.26715115e-01 5.35963435e-01
 4.90474781e-01 3.26865354e-02 5.07497326e-01 4.90769384e-01
 4.02771521e-01 2.36964222e-01 3.55561287e-01 5.47616478e-01
 6.42198125e-01 1.97661122e-01 3.96190224e-01 2.29549975e-01
 2.73078245e-02 5.60926288e-01 4.66718523e-01 7.32591360e-01
 5.65295085e-01 7.86987899e-01 4.73354786e-01 5.01232981e-01
 5.59935209e-01 3.43838074e-01 1.65827987e-01 3.47988985e-01
 5.10641363e-02 3.58968979e-01 5.60628691e-01 5.47429169e-01
 6.41851790e-01 5.24550544e-01 5.60856408e-01 2.25612088e-01
 1.71003338e-01 7.56963097e-02 4.70474588e-01 1.94475648e-06
 4.88545909e-01 7.17310496e-01 1.01498445e-02 2.24015803e-01
 3.76725158e-01 4.18822665e-01 8.98089360e-03 6.30675497e-01
 1.23037059e-01 4.71096330e-01]
stepsize_vec:,[0.   0.   0.   0.   0.   0.   0.   0.   0.   0.1  0.1  0.1  0.1  0.1
 0.08 0.08 0.08 0.08 0.08 0.08 0.08 0.08 0.08 0.08 0.08 0.08 0.08 0.08
 0.08 0.08 0.08 0.08 0.08 0.08 0.08 0.08 0.08 0.08 0.08 0.08 0.08 0.08
 0.08 0.08 0.08 0.08 0.08 0.08 0.08 0.08 0.08 0.08 0.08 0.08 0.08 0.08
 0.08 0.08 0.08 0.08 0.08 0.08 0.08 0.08 0.08 0.08 0.08 0.08 0.08 0.08
 0.08 0.08 0.08 0.08 0.08 0.08 0.08 0.08 0.08 0.08 0.08 0.08 0.08 0.08
 0.08 0.08 0.08 0.08 0.08 0.08 0.08 0.08 0.08 0.08 0.08 0.08 0.08 0.08
 0.08 0.08 0.08 0.08 0.08 0.08 0.08 0.08 0.08 0.08 0.08 0.08 0.08 0.08
 0.08 0.08]
step_ratio_vec:,[0.1 0.1 0.1 0.1 0.1 0.1 0.1 0.1 0.1 0.1 0.1 0.1 0.1 0.1 0.1 0.1 0.1 0.1
 0.1 0.1 0.1 0.1 0.1 0.1 0.1 0.1 0.1 0.1 0.1 0.1 0.1 0.1 0.1 0.1 0.1 0.1
 0.1 0.1 0.1 0.1 0.1 0.1 0.1 0.1 0.1 0.1 0.1 0.1 0.1 0.1 0.1 0.1 0.1 0.1
 0.1 0.1 0.1 0.1 0.1 0.1 0.1 0.1 0.1 0.1 0.1 0.1 0.1 0.1 0.1 0.1 0.1 0.1
 0.1 0.1 0.1 0.1 0.1 0.1 0.1 0.1 0.1 0.1 0.1 0.1 0.1 0.1 0.1 0.1 0.1 0.1
 0.1 0.1 0.1 0.1 0.1 0.1 0.1 0.1 0.1 0.1 0.1 0.1 0.1 0.1 0.1 0.1 0.1 0.1
 0.1 0.1 0.1 0.1 0.1 0.1]
swap interval:,10
sim interval:,[      0.  250000.  500000.  750000. 1000000.]
likelihood_sed (T/F):,True
erodep_coords:,[[42 10]
 [39  8]
 [75 51]
 [59 13]
 [40  5]
 [ 6 20]
 [14 66]
 [ 4 40]
 [72 73]
 [46 64]]
sed scaling factor:,50
samples_per_chain:,1000
burnin:,0.25
num params:,114
initial_proposed_vec:,[1.50000000e+00 1.50000000e+00 1.50000000e+00 1.50000000e+00
 5.00000000e-06 5.00000000e-01 1.00000000e+00 5.00000000e-01
 8.00000000e-01 6.19817158e-01 4.42854769e-02 9.63282434e-01
 1.03123245e-01 5.27463768e-01 7.55951656e-01 1.41099498e-01
 4.71089058e-01 6.46403385e-01 1.21035763e-01 4.85795296e-03
 9.93922552e-02 3.71903394e-01 4.54789840e-03 3.96561634e-01
 7.17715245e-01 3.21979046e-01 2.89270522e-01 7.12034526e-01
 6.28647499e-01 3.99995821e-01 2.94303923e-01 7.49254495e-01
 5.83661086e-01 7.00827177e-01 2.87794703e-01 3.09529261e-01
 7.38255031e-01 1.07095251e-01 5.39841881e-02 6.32853421e-01
 7.86047918e-01 3.36295238e-01 2.37319355e-01 4.90486205e-02
 5.37197894e-01 4.02687329e-01 7.20819013e-01 4.52734357e-01
 2.12836610e-01 5.37860494e-01 6.95877279e-01 4.44280548e-03
 2.97926511e-01 6.58639209e-01 1.69657917e-01 7.39744681e-01
 6.97787494e-01 7.13497322e-01 5.24386363e-01 1.01848106e-01
 2.91636284e-01 4.10659467e-01 2.79177245e-01 4.86688486e-01
 2.59597557e-01 7.21236450e-01 7.26715115e-01 5.35963435e-01
 4.90474781e-01 3.26865354e-02 5.07497326e-01 4.90769384e-01
 4.02771521e-01 2.36964222e-01 3.55561287e-01 5.47616478e-01
 6.42198125e-01 1.97661122e-01 3.96190224e-01 2.29549975e-01
 2.73078245e-02 5.60926288e-01 4.66718523e-01 7.32591360e-01
 5.65295085e-01 7.86987899e-01 4.73354786e-01 5.01232981e-01
 5.59935209e-01 3.43838074e-01 1.65827987e-01 3.47988985e-01
 5.10641363e-02 3.58968979e-01 5.60628691e-01 5.47429169e-01
 6.41851790e-01 5.24550544e-01 5.60856408e-01 2.25612088e-01
 1.71003338e-01 7.56963097e-02 4.70474588e-01 1.94475648e-06
 4.88545909e-01 7.17310496e-01 1.01498445e-02 2.24015803e-01
 3.76725158e-01 4.18822665e-01 8.98089360e-03 6.30675497e-01
 1.23037059e-01 4.71096330e-01]
stepsize_vec:,[0.   0.   0.   0.   0.   0.   0.   0.   0.   0.1  0.1  0.1  0.1  0.1
 0.08 0.08 0.08 0.08 0.08 0.08 0.08 0.08 0.08 0.08 0.08 0.08 0.08 0.08
 0.08 0.08 0.08 0.08 0.08 0.08 0.08 0.08 0.08 0.08 0.08 0.08 0.08 0.08
 0.08 0.08 0.08 0.08 0.08 0.08 0.08 0.08 0.08 0.08 0.08 0.08 0.08 0.08
 0.08 0.08 0.08 0.08 0.08 0.08 0.08 0.08 0.08 0.08 0.08 0.08 0.08 0.08
 0.08 0.08 0.08 0.08 0.08 0.08 0.08 0.08 0.08 0.08 0.08 0.08 0.08 0.08
 0.08 0.08 0.08 0.08 0.08 0.08 0.08 0.08 0.08 0.08 0.08 0.08 0.08 0.08
 0.08 0.08 0.08 0.08 0.08 0.08 0.08 0.08 0.08 0.08 0.08 0.08 0.08 0.08
 0.08 0.08]
step_ratio_vec:,[0.1 0.1 0.1 0.1 0.1 0.1 0.1 0.1 0.1 0.1 0.1 0.1 0.1 0.1 0.1 0.1 0.1 0.1
 0.1 0.1 0.1 0.1 0.1 0.1 0.1 0.1 0.1 0.1 0.1 0.1 0.1 0.1 0.1 0.1 0.1 0.1
 0.1 0.1 0.1 0.1 0.1 0.1 0.1 0.1 0.1 0.1 0.1 0.1 0.1 0.1 0.1 0.1 0.1 0.1
 0.1 0.1 0.1 0.1 0.1 0.1 0.1 0.1 0.1 0.1 0.1 0.1 0.1 0.1 0.1 0.1 0.1 0.1
 0.1 0.1 0.1 0.1 0.1 0.1 0.1 0.1 0.1 0.1 0.1 0.1 0.1 0.1 0.1 0.1 0.1 0.1
 0.1 0.1 0.1 0.1 0.1 0.1 0.1 0.1 0.1 0.1 0.1 0.1 0.1 0.1 0.1 0.1 0.1 0.1
 0.1 0.1 0.1 0.1 0.1 0.1]
swap interval:,10
sim interval:,[      0.  250000.  500000.  750000. 1000000.]
likelihood_sed (T/F):,True
erodep_coords:,[[42 10]
 [39  8]
 [75 51]
 [59 13]
 [40  5]
 [ 6 20]
 [14 66]
 [ 4 40]
 [72 73]
 [46 64]]
sed scaling factor:,50
samples_per_chain:,1000
burnin:,0.25
num params:,114
initial_proposed_vec:,[1.50000000e+00 1.50000000e+00 1.50000000e+00 1.50000000e+00
 5.00000000e-06 5.00000000e-01 1.00000000e+00 5.00000000e-01
 8.00000000e-01 6.19817158e-01 4.42854769e-02 9.63282434e-01
 1.03123245e-01 5.27463768e-01 7.55951656e-01 1.41099498e-01
 4.71089058e-01 6.46403385e-01 1.21035763e-01 4.85795296e-03
 9.93922552e-02 3.71903394e-01 4.54789840e-03 3.96561634e-01
 7.17715245e-01 3.21979046e-01 2.89270522e-01 7.12034526e-01
 6.28647499e-01 3.99995821e-01 2.94303923e-01 7.49254495e-01
 5.83661086e-01 7.00827177e-01 2.87794703e-01 3.09529261e-01
 7.38255031e-01 1.07095251e-01 5.39841881e-02 6.32853421e-01
 7.86047918e-01 3.36295238e-01 2.37319355e-01 4.90486205e-02
 5.37197894e-01 4.02687329e-01 7.20819013e-01 4.52734357e-01
 2.12836610e-01 5.37860494e-01 6.95877279e-01 4.44280548e-03
 2.97926511e-01 6.58639209e-01 1.69657917e-01 7.39744681e-01
 6.97787494e-01 7.13497322e-01 5.24386363e-01 1.01848106e-01
 2.91636284e-01 4.10659467e-01 2.79177245e-01 4.86688486e-01
 2.59597557e-01 7.21236450e-01 7.26715115e-01 5.35963435e-01
 4.90474781e-01 3.26865354e-02 5.07497326e-01 4.90769384e-01
 4.02771521e-01 2.36964222e-01 3.55561287e-01 5.47616478e-01
 6.42198125e-01 1.97661122e-01 3.96190224e-01 2.29549975e-01
 2.73078245e-02 5.60926288e-01 4.66718523e-01 7.32591360e-01
 5.65295085e-01 7.86987899e-01 4.73354786e-01 5.01232981e-01
 5.59935209e-01 3.43838074e-01 1.65827987e-01 3.47988985e-01
 5.10641363e-02 3.58968979e-01 5.60628691e-01 5.47429169e-01
 6.41851790e-01 5.24550544e-01 5.60856408e-01 2.25612088e-01
 1.71003338e-01 7.56963097e-02 4.70474588e-01 1.94475648e-06
 4.88545909e-01 7.17310496e-01 1.01498445e-02 2.24015803e-01
 3.76725158e-01 4.18822665e-01 8.98089360e-03 6.30675497e-01
 1.23037059e-01 4.71096330e-01]
stepsize_vec:,[0.   0.   0.   0.   0.   0.   0.   0.   0.   0.1  0.1  0.1  0.1  0.1
 0.08 0.08 0.08 0.08 0.08 0.08 0.08 0.08 0.08 0.08 0.08 0.08 0.08 0.08
 0.08 0.08 0.08 0.08 0.08 0.08 0.08 0.08 0.08 0.08 0.08 0.08 0.08 0.08
 0.08 0.08 0.08 0.08 0.08 0.08 0.08 0.08 0.08 0.08 0.08 0.08 0.08 0.08
 0.08 0.08 0.08 0.08 0.08 0.08 0.08 0.08 0.08 0.08 0.08 0.08 0.08 0.08
 0.08 0.08 0.08 0.08 0.08 0.08 0.08 0.08 0.08 0.08 0.08 0.08 0.08 0.08
 0.08 0.08 0.08 0.08 0.08 0.08 0.08 0.08 0.08 0.08 0.08 0.08 0.08 0.08
 0.08 0.08 0.08 0.08 0.08 0.08 0.08 0.08 0.08 0.08 0.08 0.08 0.08 0.08
 0.08 0.08]
step_ratio_vec:,[0.1 0.1 0.1 0.1 0.1 0.1 0.1 0.1 0.1 0.1 0.1 0.1 0.1 0.1 0.1 0.1 0.1 0.1
 0.1 0.1 0.1 0.1 0.1 0.1 0.1 0.1 0.1 0.1 0.1 0.1 0.1 0.1 0.1 0.1 0.1 0.1
 0.1 0.1 0.1 0.1 0.1 0.1 0.1 0.1 0.1 0.1 0.1 0.1 0.1 0.1 0.1 0.1 0.1 0.1
 0.1 0.1 0.1 0.1 0.1 0.1 0.1 0.1 0.1 0.1 0.1 0.1 0.1 0.1 0.1 0.1 0.1 0.1
 0.1 0.1 0.1 0.1 0.1 0.1 0.1 0.1 0.1 0.1 0.1 0.1 0.1 0.1 0.1 0.1 0.1 0.1
 0.1 0.1 0.1 0.1 0.1 0.1 0.1 0.1 0.1 0.1 0.1 0.1 0.1 0.1 0.1 0.1 0.1 0.1
 0.1 0.1 0.1 0.1 0.1 0.1]
swap interval:,10
sim interval:,[      0.  250000.  500000.  750000. 1000000.]
likelihood_sed (T/F):,True
erodep_coords:,[[42 10]
 [39  8]
 [75 51]
 [59 13]
 [40  5]
 [ 6 20]
 [14 66]
 [ 4 40]
 [72 73]
 [46 64]]
sed scaling factor:,50
samples_per_chain:,1000
burnin:,0.25
num params:,114
initial_proposed_vec:,[1.50000000e+00 1.50000000e+00 1.50000000e+00 1.50000000e+00
 5.00000000e-06 5.00000000e-01 1.00000000e+00 5.00000000e-01
 8.00000000e-01 6.19817158e-01 4.42854769e-02 9.63282434e-01
 1.03123245e-01 5.27463768e-01 7.55951656e-01 1.41099498e-01
 4.71089058e-01 6.46403385e-01 1.21035763e-01 4.85795296e-03
 9.93922552e-02 3.71903394e-01 4.54789840e-03 3.96561634e-01
 7.17715245e-01 3.21979046e-01 2.89270522e-01 7.12034526e-01
 6.28647499e-01 3.99995821e-01 2.94303923e-01 7.49254495e-01
 5.83661086e-01 7.00827177e-01 2.87794703e-01 3.09529261e-01
 7.38255031e-01 1.07095251e-01 5.39841881e-02 6.32853421e-01
 7.86047918e-01 3.36295238e-01 2.37319355e-01 4.90486205e-02
 5.37197894e-01 4.02687329e-01 7.20819013e-01 4.52734357e-01
 2.12836610e-01 5.37860494e-01 6.95877279e-01 4.44280548e-03
 2.97926511e-01 6.58639209e-01 1.69657917e-01 7.39744681e-01
 6.97787494e-01 7.13497322e-01 5.24386363e-01 1.01848106e-01
 2.91636284e-01 4.10659467e-01 2.79177245e-01 4.86688486e-01
 2.59597557e-01 7.21236450e-01 7.26715115e-01 5.35963435e-01
 4.90474781e-01 3.26865354e-02 5.07497326e-01 4.90769384e-01
 4.02771521e-01 2.36964222e-01 3.55561287e-01 5.47616478e-01
 6.42198125e-01 1.97661122e-01 3.96190224e-01 2.29549975e-01
 2.73078245e-02 5.60926288e-01 4.66718523e-01 7.32591360e-01
 5.65295085e-01 7.86987899e-01 4.73354786e-01 5.01232981e-01
 5.59935209e-01 3.43838074e-01 1.65827987e-01 3.47988985e-01
 5.10641363e-02 3.58968979e-01 5.60628691e-01 5.47429169e-01
 6.41851790e-01 5.24550544e-01 5.60856408e-01 2.25612088e-01
 1.71003338e-01 7.56963097e-02 4.70474588e-01 1.94475648e-06
 4.88545909e-01 7.17310496e-01 1.01498445e-02 2.24015803e-01
 3.76725158e-01 4.18822665e-01 8.98089360e-03 6.30675497e-01
 1.23037059e-01 4.71096330e-01]
stepsize_vec:,[0.   0.   0.   0.   0.   0.   0.   0.   0.   0.1  0.1  0.1  0.1  0.1
 0.08 0.08 0.08 0.08 0.08 0.08 0.08 0.08 0.08 0.08 0.08 0.08 0.08 0.08
 0.08 0.08 0.08 0.08 0.08 0.08 0.08 0.08 0.08 0.08 0.08 0.08 0.08 0.08
 0.08 0.08 0.08 0.08 0.08 0.08 0.08 0.08 0.08 0.08 0.08 0.08 0.08 0.08
 0.08 0.08 0.08 0.08 0.08 0.08 0.08 0.08 0.08 0.08 0.08 0.08 0.08 0.08
 0.08 0.08 0.08 0.08 0.08 0.08 0.08 0.08 0.08 0.08 0.08 0.08 0.08 0.08
 0.08 0.08 0.08 0.08 0.08 0.08 0.08 0.08 0.08 0.08 0.08 0.08 0.08 0.08
 0.08 0.08 0.08 0.08 0.08 0.08 0.08 0.08 0.08 0.08 0.08 0.08 0.08 0.08
 0.08 0.08]
step_ratio_vec:,[0.1 0.1 0.1 0.1 0.1 0.1 0.1 0.1 0.1 0.1 0.1 0.1 0.1 0.1 0.1 0.1 0.1 0.1
 0.1 0.1 0.1 0.1 0.1 0.1 0.1 0.1 0.1 0.1 0.1 0.1 0.1 0.1 0.1 0.1 0.1 0.1
 0.1 0.1 0.1 0.1 0.1 0.1 0.1 0.1 0.1 0.1 0.1 0.1 0.1 0.1 0.1 0.1 0.1 0.1
 0.1 0.1 0.1 0.1 0.1 0.1 0.1 0.1 0.1 0.1 0.1 0.1 0.1 0.1 0.1 0.1 0.1 0.1
 0.1 0.1 0.1 0.1 0.1 0.1 0.1 0.1 0.1 0.1 0.1 0.1 0.1 0.1 0.1 0.1 0.1 0.1
 0.1 0.1 0.1 0.1 0.1 0.1 0.1 0.1 0.1 0.1 0.1 0.1 0.1 0.1 0.1 0.1 0.1 0.1
 0.1 0.1 0.1 0.1 0.1 0.1]
swap interval:,10
sim interval:,[      0.  250000.  500000.  750000. 1000000.]
likelihood_sed (T/F):,True
erodep_coords:,[[42 10]
 [39  8]
 [75 51]
 [59 13]
 [40  5]
 [ 6 20]
 [14 66]
 [ 4 40]
 [72 73]
 [46 64]]
sed scaling factor:,50
samples_per_chain:,1000
burnin:,0.25
num params:,114
initial_proposed_vec:,[1.50000000e+00 1.50000000e+00 1.50000000e+00 1.50000000e+00
 5.00000000e-06 5.00000000e-01 1.00000000e+00 5.00000000e-01
 8.00000000e-01 6.19817158e-01 4.42854769e-02 9.63282434e-01
 1.03123245e-01 5.27463768e-01 7.55951656e-01 1.41099498e-01
 4.71089058e-01 6.46403385e-01 1.21035763e-01 4.85795296e-03
 9.93922552e-02 3.71903394e-01 4.54789840e-03 3.96561634e-01
 7.17715245e-01 3.21979046e-01 2.89270522e-01 7.12034526e-01
 6.28647499e-01 3.99995821e-01 2.94303923e-01 7.49254495e-01
 5.83661086e-01 7.00827177e-01 2.87794703e-01 3.09529261e-01
 7.38255031e-01 1.07095251e-01 5.39841881e-02 6.32853421e-01
 7.86047918e-01 3.36295238e-01 2.37319355e-01 4.90486205e-02
 5.37197894e-01 4.02687329e-01 7.20819013e-01 4.52734357e-01
 2.12836610e-01 5.37860494e-01 6.95877279e-01 4.44280548e-03
 2.97926511e-01 6.58639209e-01 1.69657917e-01 7.39744681e-01
 6.97787494e-01 7.13497322e-01 5.24386363e-01 1.01848106e-01
 2.91636284e-01 4.10659467e-01 2.79177245e-01 4.86688486e-01
 2.59597557e-01 7.21236450e-01 7.26715115e-01 5.35963435e-01
 4.90474781e-01 3.26865354e-02 5.07497326e-01 4.90769384e-01
 4.02771521e-01 2.36964222e-01 3.55561287e-01 5.47616478e-01
 6.42198125e-01 1.97661122e-01 3.96190224e-01 2.29549975e-01
 2.73078245e-02 5.60926288e-01 4.66718523e-01 7.32591360e-01
 5.65295085e-01 7.86987899e-01 4.73354786e-01 5.01232981e-01
 5.59935209e-01 3.43838074e-01 1.65827987e-01 3.47988985e-01
 5.10641363e-02 3.58968979e-01 5.60628691e-01 5.47429169e-01
 6.41851790e-01 5.24550544e-01 5.60856408e-01 2.25612088e-01
 1.71003338e-01 7.56963097e-02 4.70474588e-01 1.94475648e-06
 4.88545909e-01 7.17310496e-01 1.01498445e-02 2.24015803e-01
 3.76725158e-01 4.18822665e-01 8.98089360e-03 6.30675497e-01
 1.23037059e-01 4.71096330e-01]
stepsize_vec:,[0.   0.   0.   0.   0.   0.   0.   0.   0.   0.1  0.1  0.1  0.1  0.1
 0.08 0.08 0.08 0.08 0.08 0.08 0.08 0.08 0.08 0.08 0.08 0.08 0.08 0.08
 0.08 0.08 0.08 0.08 0.08 0.08 0.08 0.08 0.08 0.08 0.08 0.08 0.08 0.08
 0.08 0.08 0.08 0.08 0.08 0.08 0.08 0.08 0.08 0.08 0.08 0.08 0.08 0.08
 0.08 0.08 0.08 0.08 0.08 0.08 0.08 0.08 0.08 0.08 0.08 0.08 0.08 0.08
 0.08 0.08 0.08 0.08 0.08 0.08 0.08 0.08 0.08 0.08 0.08 0.08 0.08 0.08
 0.08 0.08 0.08 0.08 0.08 0.08 0.08 0.08 0.08 0.08 0.08 0.08 0.08 0.08
 0.08 0.08 0.08 0.08 0.08 0.08 0.08 0.08 0.08 0.08 0.08 0.08 0.08 0.08
 0.08 0.08]
step_ratio_vec:,[0.1 0.1 0.1 0.1 0.1 0.1 0.1 0.1 0.1 0.1 0.1 0.1 0.1 0.1 0.1 0.1 0.1 0.1
 0.1 0.1 0.1 0.1 0.1 0.1 0.1 0.1 0.1 0.1 0.1 0.1 0.1 0.1 0.1 0.1 0.1 0.1
 0.1 0.1 0.1 0.1 0.1 0.1 0.1 0.1 0.1 0.1 0.1 0.1 0.1 0.1 0.1 0.1 0.1 0.1
 0.1 0.1 0.1 0.1 0.1 0.1 0.1 0.1 0.1 0.1 0.1 0.1 0.1 0.1 0.1 0.1 0.1 0.1
 0.1 0.1 0.1 0.1 0.1 0.1 0.1 0.1 0.1 0.1 0.1 0.1 0.1 0.1 0.1 0.1 0.1 0.1
 0.1 0.1 0.1 0.1 0.1 0.1 0.1 0.1 0.1 0.1 0.1 0.1 0.1 0.1 0.1 0.1 0.1 0.1
 0.1 0.1 0.1 0.1 0.1 0.1]
swap interval:,10
sim interval:,[      0.  250000.  500000.  750000. 1000000.]
likelihood_sed (T/F):,True
erodep_coords:,[[42 10]
 [39  8]
 [75 51]
 [59 13]
 [40  5]
 [ 6 20]
 [14 66]
 [ 4 40]
 [72 73]
 [46 64]]
sed scaling factor:,50
samples_per_chain:,1000
burnin:,0.25
num params:,114
initial_proposed_vec:,[1.50000000e+00 1.50000000e+00 1.50000000e+00 1.50000000e+00
 5.00000000e-06 5.00000000e-01 1.00000000e+00 5.00000000e-01
 8.00000000e-01 6.19817158e-01 4.42854769e-02 9.63282434e-01
 1.03123245e-01 5.27463768e-01 7.55951656e-01 1.41099498e-01
 4.71089058e-01 6.46403385e-01 1.21035763e-01 4.85795296e-03
 9.93922552e-02 3.71903394e-01 4.54789840e-03 3.96561634e-01
 7.17715245e-01 3.21979046e-01 2.89270522e-01 7.12034526e-01
 6.28647499e-01 3.99995821e-01 2.94303923e-01 7.49254495e-01
 5.83661086e-01 7.00827177e-01 2.87794703e-01 3.09529261e-01
 7.38255031e-01 1.07095251e-01 5.39841881e-02 6.32853421e-01
 7.86047918e-01 3.36295238e-01 2.37319355e-01 4.90486205e-02
 5.37197894e-01 4.02687329e-01 7.20819013e-01 4.52734357e-01
 2.12836610e-01 5.37860494e-01 6.95877279e-01 4.44280548e-03
 2.97926511e-01 6.58639209e-01 1.69657917e-01 7.39744681e-01
 6.97787494e-01 7.13497322e-01 5.24386363e-01 1.01848106e-01
 2.91636284e-01 4.10659467e-01 2.79177245e-01 4.86688486e-01
 2.59597557e-01 7.21236450e-01 7.26715115e-01 5.35963435e-01
 4.90474781e-01 3.26865354e-02 5.07497326e-01 4.90769384e-01
 4.02771521e-01 2.36964222e-01 3.55561287e-01 5.47616478e-01
 6.42198125e-01 1.97661122e-01 3.96190224e-01 2.29549975e-01
 2.73078245e-02 5.60926288e-01 4.66718523e-01 7.32591360e-01
 5.65295085e-01 7.86987899e-01 4.73354786e-01 5.01232981e-01
 5.59935209e-01 3.43838074e-01 1.65827987e-01 3.47988985e-01
 5.10641363e-02 3.58968979e-01 5.60628691e-01 5.47429169e-01
 6.41851790e-01 5.24550544e-01 5.60856408e-01 2.25612088e-01
 1.71003338e-01 7.56963097e-02 4.70474588e-01 1.94475648e-06
 4.88545909e-01 7.17310496e-01 1.01498445e-02 2.24015803e-01
 3.76725158e-01 4.18822665e-01 8.98089360e-03 6.30675497e-01
 1.23037059e-01 4.71096330e-01]
stepsize_vec:,[0.   0.   0.   0.   0.   0.   0.   0.   0.   0.1  0.1  0.1  0.1  0.1
 0.08 0.08 0.08 0.08 0.08 0.08 0.08 0.08 0.08 0.08 0.08 0.08 0.08 0.08
 0.08 0.08 0.08 0.08 0.08 0.08 0.08 0.08 0.08 0.08 0.08 0.08 0.08 0.08
 0.08 0.08 0.08 0.08 0.08 0.08 0.08 0.08 0.08 0.08 0.08 0.08 0.08 0.08
 0.08 0.08 0.08 0.08 0.08 0.08 0.08 0.08 0.08 0.08 0.08 0.08 0.08 0.08
 0.08 0.08 0.08 0.08 0.08 0.08 0.08 0.08 0.08 0.08 0.08 0.08 0.08 0.08
 0.08 0.08 0.08 0.08 0.08 0.08 0.08 0.08 0.08 0.08 0.08 0.08 0.08 0.08
 0.08 0.08 0.08 0.08 0.08 0.08 0.08 0.08 0.08 0.08 0.08 0.08 0.08 0.08
 0.08 0.08]
step_ratio_vec:,[0.1 0.1 0.1 0.1 0.1 0.1 0.1 0.1 0.1 0.1 0.1 0.1 0.1 0.1 0.1 0.1 0.1 0.1
 0.1 0.1 0.1 0.1 0.1 0.1 0.1 0.1 0.1 0.1 0.1 0.1 0.1 0.1 0.1 0.1 0.1 0.1
 0.1 0.1 0.1 0.1 0.1 0.1 0.1 0.1 0.1 0.1 0.1 0.1 0.1 0.1 0.1 0.1 0.1 0.1
 0.1 0.1 0.1 0.1 0.1 0.1 0.1 0.1 0.1 0.1 0.1 0.1 0.1 0.1 0.1 0.1 0.1 0.1
 0.1 0.1 0.1 0.1 0.1 0.1 0.1 0.1 0.1 0.1 0.1 0.1 0.1 0.1 0.1 0.1 0.1 0.1
 0.1 0.1 0.1 0.1 0.1 0.1 0.1 0.1 0.1 0.1 0.1 0.1 0.1 0.1 0.1 0.1 0.1 0.1
 0.1 0.1 0.1 0.1 0.1 0.1]
swap interval:,10
sim interval:,[      0.  250000.  500000.  750000. 1000000.]
likelihood_sed (T/F):,True
erodep_coords:,[[42 10]
 [39  8]
 [75 51]
 [59 13]
 [40  5]
 [ 6 20]
 [14 66]
 [ 4 40]
 [72 73]
 [46 64]]
sed scaling factor:,50
samples_per_chain:,1000
burnin:,0.25
num params:,114
initial_proposed_vec:,[1.50000000e+00 1.50000000e+00 1.50000000e+00 1.50000000e+00
 5.00000000e-06 5.00000000e-01 1.00000000e+00 5.00000000e-01
 8.00000000e-01 6.19817158e-01 4.42854769e-02 9.63282434e-01
 1.03123245e-01 5.27463768e-01 7.55951656e-01 1.41099498e-01
 4.71089058e-01 6.46403385e-01 1.21035763e-01 4.85795296e-03
 9.93922552e-02 3.71903394e-01 4.54789840e-03 3.96561634e-01
 7.17715245e-01 3.21979046e-01 2.89270522e-01 7.12034526e-01
 6.28647499e-01 3.99995821e-01 2.94303923e-01 7.49254495e-01
 5.83661086e-01 7.00827177e-01 2.87794703e-01 3.09529261e-01
 7.38255031e-01 1.07095251e-01 5.39841881e-02 6.32853421e-01
 7.86047918e-01 3.36295238e-01 2.37319355e-01 4.90486205e-02
 5.37197894e-01 4.02687329e-01 7.20819013e-01 4.52734357e-01
 2.12836610e-01 5.37860494e-01 6.95877279e-01 4.44280548e-03
 2.97926511e-01 6.58639209e-01 1.69657917e-01 7.39744681e-01
 6.97787494e-01 7.13497322e-01 5.24386363e-01 1.01848106e-01
 2.91636284e-01 4.10659467e-01 2.79177245e-01 4.86688486e-01
 2.59597557e-01 7.21236450e-01 7.26715115e-01 5.35963435e-01
 4.90474781e-01 3.26865354e-02 5.07497326e-01 4.90769384e-01
 4.02771521e-01 2.36964222e-01 3.55561287e-01 5.47616478e-01
 6.42198125e-01 1.97661122e-01 3.96190224e-01 2.29549975e-01
 2.73078245e-02 5.60926288e-01 4.66718523e-01 7.32591360e-01
 5.65295085e-01 7.86987899e-01 4.73354786e-01 5.01232981e-01
 5.59935209e-01 3.43838074e-01 1.65827987e-01 3.47988985e-01
 5.10641363e-02 3.58968979e-01 5.60628691e-01 5.47429169e-01
 6.41851790e-01 5.24550544e-01 5.60856408e-01 2.25612088e-01
 1.71003338e-01 7.56963097e-02 4.70474588e-01 1.94475648e-06
 4.88545909e-01 7.17310496e-01 1.01498445e-02 2.24015803e-01
 3.76725158e-01 4.18822665e-01 8.98089360e-03 6.30675497e-01
 1.23037059e-01 4.71096330e-01]
stepsize_vec:,[0.   0.   0.   0.   0.   0.   0.   0.   0.   0.1  0.1  0.1  0.1  0.1
 0.08 0.08 0.08 0.08 0.08 0.08 0.08 0.08 0.08 0.08 0.08 0.08 0.08 0.08
 0.08 0.08 0.08 0.08 0.08 0.08 0.08 0.08 0.08 0.08 0.08 0.08 0.08 0.08
 0.08 0.08 0.08 0.08 0.08 0.08 0.08 0.08 0.08 0.08 0.08 0.08 0.08 0.08
 0.08 0.08 0.08 0.08 0.08 0.08 0.08 0.08 0.08 0.08 0.08 0.08 0.08 0.08
 0.08 0.08 0.08 0.08 0.08 0.08 0.08 0.08 0.08 0.08 0.08 0.08 0.08 0.08
 0.08 0.08 0.08 0.08 0.08 0.08 0.08 0.08 0.08 0.08 0.08 0.08 0.08 0.08
 0.08 0.08 0.08 0.08 0.08 0.08 0.08 0.08 0.08 0.08 0.08 0.08 0.08 0.08
 0.08 0.08]
step_ratio_vec:,[0.1 0.1 0.1 0.1 0.1 0.1 0.1 0.1 0.1 0.1 0.1 0.1 0.1 0.1 0.1 0.1 0.1 0.1
 0.1 0.1 0.1 0.1 0.1 0.1 0.1 0.1 0.1 0.1 0.1 0.1 0.1 0.1 0.1 0.1 0.1 0.1
 0.1 0.1 0.1 0.1 0.1 0.1 0.1 0.1 0.1 0.1 0.1 0.1 0.1 0.1 0.1 0.1 0.1 0.1
 0.1 0.1 0.1 0.1 0.1 0.1 0.1 0.1 0.1 0.1 0.1 0.1 0.1 0.1 0.1 0.1 0.1 0.1
 0.1 0.1 0.1 0.1 0.1 0.1 0.1 0.1 0.1 0.1 0.1 0.1 0.1 0.1 0.1 0.1 0.1 0.1
 0.1 0.1 0.1 0.1 0.1 0.1 0.1 0.1 0.1 0.1 0.1 0.1 0.1 0.1 0.1 0.1 0.1 0.1
 0.1 0.1 0.1 0.1 0.1 0.1]
swap interval:,10
sim interval:,[      0.  250000.  500000.  750000. 1000000.]
likelihood_sed (T/F):,True
erodep_coords:,[[42 10]
 [39  8]
 [75 51]
 [59 13]
 [40  5]
 [ 6 20]
 [14 66]
 [ 4 40]
 [72 73]
 [46 64]]
sed scaling factor:,50
samples_per_chain:,1000
burnin:,0.25
num params:,114
initial_proposed_vec:,[1.50000000e+00 1.50000000e+00 1.50000000e+00 1.50000000e+00
 5.00000000e-06 5.00000000e-01 1.00000000e+00 5.00000000e-01
 8.00000000e-01 6.19817158e-01 4.42854769e-02 9.63282434e-01
 1.03123245e-01 5.27463768e-01 7.55951656e-01 1.41099498e-01
 4.71089058e-01 6.46403385e-01 1.21035763e-01 4.85795296e-03
 9.93922552e-02 3.71903394e-01 4.54789840e-03 3.96561634e-01
 7.17715245e-01 3.21979046e-01 2.89270522e-01 7.12034526e-01
 6.28647499e-01 3.99995821e-01 2.94303923e-01 7.49254495e-01
 5.83661086e-01 7.00827177e-01 2.87794703e-01 3.09529261e-01
 7.38255031e-01 1.07095251e-01 5.39841881e-02 6.32853421e-01
 7.86047918e-01 3.36295238e-01 2.37319355e-01 4.90486205e-02
 5.37197894e-01 4.02687329e-01 7.20819013e-01 4.52734357e-01
 2.12836610e-01 5.37860494e-01 6.95877279e-01 4.44280548e-03
 2.97926511e-01 6.58639209e-01 1.69657917e-01 7.39744681e-01
 6.97787494e-01 7.13497322e-01 5.24386363e-01 1.01848106e-01
 2.91636284e-01 4.10659467e-01 2.79177245e-01 4.86688486e-01
 2.59597557e-01 7.21236450e-01 7.26715115e-01 5.35963435e-01
 4.90474781e-01 3.26865354e-02 5.07497326e-01 4.90769384e-01
 4.02771521e-01 2.36964222e-01 3.55561287e-01 5.47616478e-01
 6.42198125e-01 1.97661122e-01 3.96190224e-01 2.29549975e-01
 2.73078245e-02 5.60926288e-01 4.66718523e-01 7.32591360e-01
 5.65295085e-01 7.86987899e-01 4.73354786e-01 5.01232981e-01
 5.59935209e-01 3.43838074e-01 1.65827987e-01 3.47988985e-01
 5.10641363e-02 3.58968979e-01 5.60628691e-01 5.47429169e-01
 6.41851790e-01 5.24550544e-01 5.60856408e-01 2.25612088e-01
 1.71003338e-01 7.56963097e-02 4.70474588e-01 1.94475648e-06
 4.88545909e-01 7.17310496e-01 1.01498445e-02 2.24015803e-01
 3.76725158e-01 4.18822665e-01 8.98089360e-03 6.30675497e-01
 1.23037059e-01 4.71096330e-01]
stepsize_vec:,[0.   0.   0.   0.   0.   0.   0.   0.   0.   0.1  0.1  0.1  0.1  0.1
 0.08 0.08 0.08 0.08 0.08 0.08 0.08 0.08 0.08 0.08 0.08 0.08 0.08 0.08
 0.08 0.08 0.08 0.08 0.08 0.08 0.08 0.08 0.08 0.08 0.08 0.08 0.08 0.08
 0.08 0.08 0.08 0.08 0.08 0.08 0.08 0.08 0.08 0.08 0.08 0.08 0.08 0.08
 0.08 0.08 0.08 0.08 0.08 0.08 0.08 0.08 0.08 0.08 0.08 0.08 0.08 0.08
 0.08 0.08 0.08 0.08 0.08 0.08 0.08 0.08 0.08 0.08 0.08 0.08 0.08 0.08
 0.08 0.08 0.08 0.08 0.08 0.08 0.08 0.08 0.08 0.08 0.08 0.08 0.08 0.08
 0.08 0.08 0.08 0.08 0.08 0.08 0.08 0.08 0.08 0.08 0.08 0.08 0.08 0.08
 0.08 0.08]
step_ratio_vec:,[0.1 0.1 0.1 0.1 0.1 0.1 0.1 0.1 0.1 0.1 0.1 0.1 0.1 0.1 0.1 0.1 0.1 0.1
 0.1 0.1 0.1 0.1 0.1 0.1 0.1 0.1 0.1 0.1 0.1 0.1 0.1 0.1 0.1 0.1 0.1 0.1
 0.1 0.1 0.1 0.1 0.1 0.1 0.1 0.1 0.1 0.1 0.1 0.1 0.1 0.1 0.1 0.1 0.1 0.1
 0.1 0.1 0.1 0.1 0.1 0.1 0.1 0.1 0.1 0.1 0.1 0.1 0.1 0.1 0.1 0.1 0.1 0.1
 0.1 0.1 0.1 0.1 0.1 0.1 0.1 0.1 0.1 0.1 0.1 0.1 0.1 0.1 0.1 0.1 0.1 0.1
 0.1 0.1 0.1 0.1 0.1 0.1 0.1 0.1 0.1 0.1 0.1 0.1 0.1 0.1 0.1 0.1 0.1 0.1
 0.1 0.1 0.1 0.1 0.1 0.1]
swap interval:,10
sim interval:,[      0.  250000.  500000.  750000. 1000000.]
likelihood_sed (T/F):,True
erodep_coords:,[[42 10]
 [39  8]
 [75 51]
 [59 13]
 [40  5]
 [ 6 20]
 [14 66]
 [ 4 40]
 [72 73]
 [46 64]]
sed scaling factor:,50
samples_per_chain:,1000
burnin:,0.25
num params:,114
initial_proposed_vec:,[1.50000000e+00 1.50000000e+00 1.50000000e+00 1.50000000e+00
 5.00000000e-06 5.00000000e-01 1.00000000e+00 5.00000000e-01
 8.00000000e-01 6.19817158e-01 4.42854769e-02 9.63282434e-01
 1.03123245e-01 5.27463768e-01 7.55951656e-01 1.41099498e-01
 4.71089058e-01 6.46403385e-01 1.21035763e-01 4.85795296e-03
 9.93922552e-02 3.71903394e-01 4.54789840e-03 3.96561634e-01
 7.17715245e-01 3.21979046e-01 2.89270522e-01 7.12034526e-01
 6.28647499e-01 3.99995821e-01 2.94303923e-01 7.49254495e-01
 5.83661086e-01 7.00827177e-01 2.87794703e-01 3.09529261e-01
 7.38255031e-01 1.07095251e-01 5.39841881e-02 6.32853421e-01
 7.86047918e-01 3.36295238e-01 2.37319355e-01 4.90486205e-02
 5.37197894e-01 4.02687329e-01 7.20819013e-01 4.52734357e-01
 2.12836610e-01 5.37860494e-01 6.95877279e-01 4.44280548e-03
 2.97926511e-01 6.58639209e-01 1.69657917e-01 7.39744681e-01
 6.97787494e-01 7.13497322e-01 5.24386363e-01 1.01848106e-01
 2.91636284e-01 4.10659467e-01 2.79177245e-01 4.86688486e-01
 2.59597557e-01 7.21236450e-01 7.26715115e-01 5.35963435e-01
 4.90474781e-01 3.26865354e-02 5.07497326e-01 4.90769384e-01
 4.02771521e-01 2.36964222e-01 3.55561287e-01 5.47616478e-01
 6.42198125e-01 1.97661122e-01 3.96190224e-01 2.29549975e-01
 2.73078245e-02 5.60926288e-01 4.66718523e-01 7.32591360e-01
 5.65295085e-01 7.86987899e-01 4.73354786e-01 5.01232981e-01
 5.59935209e-01 3.43838074e-01 1.65827987e-01 3.47988985e-01
 5.10641363e-02 3.58968979e-01 5.60628691e-01 5.47429169e-01
 6.41851790e-01 5.24550544e-01 5.60856408e-01 2.25612088e-01
 1.71003338e-01 7.56963097e-02 4.70474588e-01 1.94475648e-06
 4.88545909e-01 7.17310496e-01 1.01498445e-02 2.24015803e-01
 3.76725158e-01 4.18822665e-01 8.98089360e-03 6.30675497e-01
 1.23037059e-01 4.71096330e-01]
stepsize_vec:,[0.   0.   0.   0.   0.   0.   0.   0.   0.   0.1  0.1  0.1  0.1  0.1
 0.08 0.08 0.08 0.08 0.08 0.08 0.08 0.08 0.08 0.08 0.08 0.08 0.08 0.08
 0.08 0.08 0.08 0.08 0.08 0.08 0.08 0.08 0.08 0.08 0.08 0.08 0.08 0.08
 0.08 0.08 0.08 0.08 0.08 0.08 0.08 0.08 0.08 0.08 0.08 0.08 0.08 0.08
 0.08 0.08 0.08 0.08 0.08 0.08 0.08 0.08 0.08 0.08 0.08 0.08 0.08 0.08
 0.08 0.08 0.08 0.08 0.08 0.08 0.08 0.08 0.08 0.08 0.08 0.08 0.08 0.08
 0.08 0.08 0.08 0.08 0.08 0.08 0.08 0.08 0.08 0.08 0.08 0.08 0.08 0.08
 0.08 0.08 0.08 0.08 0.08 0.08 0.08 0.08 0.08 0.08 0.08 0.08 0.08 0.08
 0.08 0.08]
step_ratio_vec:,[0.1 0.1 0.1 0.1 0.1 0.1 0.1 0.1 0.1 0.1 0.1 0.1 0.1 0.1 0.1 0.1 0.1 0.1
 0.1 0.1 0.1 0.1 0.1 0.1 0.1 0.1 0.1 0.1 0.1 0.1 0.1 0.1 0.1 0.1 0.1 0.1
 0.1 0.1 0.1 0.1 0.1 0.1 0.1 0.1 0.1 0.1 0.1 0.1 0.1 0.1 0.1 0.1 0.1 0.1
 0.1 0.1 0.1 0.1 0.1 0.1 0.1 0.1 0.1 0.1 0.1 0.1 0.1 0.1 0.1 0.1 0.1 0.1
 0.1 0.1 0.1 0.1 0.1 0.1 0.1 0.1 0.1 0.1 0.1 0.1 0.1 0.1 0.1 0.1 0.1 0.1
 0.1 0.1 0.1 0.1 0.1 0.1 0.1 0.1 0.1 0.1 0.1 0.1 0.1 0.1 0.1 0.1 0.1 0.1
 0.1 0.1 0.1 0.1 0.1 0.1]
swap interval:,10
sim interval:,[      0.  250000.  500000.  750000. 1000000.]
likelihood_sed (T/F):,True
erodep_coords:,[[42 10]
 [39  8]
 [75 51]
 [59 13]
 [40  5]
 [ 6 20]
 [14 66]
 [ 4 40]
 [72 73]
 [46 64]]
sed scaling factor:,50
samples_per_chain:,1000
burnin:,0.25
num params:,114
initial_proposed_vec:,[1.50000000e+00 1.50000000e+00 1.50000000e+00 1.50000000e+00
 5.00000000e-06 5.00000000e-01 1.00000000e+00 5.00000000e-01
 8.00000000e-01 6.19817158e-01 4.42854769e-02 9.63282434e-01
 1.03123245e-01 5.27463768e-01 7.55951656e-01 1.41099498e-01
 4.71089058e-01 6.46403385e-01 1.21035763e-01 4.85795296e-03
 9.93922552e-02 3.71903394e-01 4.54789840e-03 3.96561634e-01
 7.17715245e-01 3.21979046e-01 2.89270522e-01 7.12034526e-01
 6.28647499e-01 3.99995821e-01 2.94303923e-01 7.49254495e-01
 5.83661086e-01 7.00827177e-01 2.87794703e-01 3.09529261e-01
 7.38255031e-01 1.07095251e-01 5.39841881e-02 6.32853421e-01
 7.86047918e-01 3.36295238e-01 2.37319355e-01 4.90486205e-02
 5.37197894e-01 4.02687329e-01 7.20819013e-01 4.52734357e-01
 2.12836610e-01 5.37860494e-01 6.95877279e-01 4.44280548e-03
 2.97926511e-01 6.58639209e-01 1.69657917e-01 7.39744681e-01
 6.97787494e-01 7.13497322e-01 5.24386363e-01 1.01848106e-01
 2.91636284e-01 4.10659467e-01 2.79177245e-01 4.86688486e-01
 2.59597557e-01 7.21236450e-01 7.26715115e-01 5.35963435e-01
 4.90474781e-01 3.26865354e-02 5.07497326e-01 4.90769384e-01
 4.02771521e-01 2.36964222e-01 3.55561287e-01 5.47616478e-01
 6.42198125e-01 1.97661122e-01 3.96190224e-01 2.29549975e-01
 2.73078245e-02 5.60926288e-01 4.66718523e-01 7.32591360e-01
 5.65295085e-01 7.86987899e-01 4.73354786e-01 5.01232981e-01
 5.59935209e-01 3.43838074e-01 1.65827987e-01 3.47988985e-01
 5.10641363e-02 3.58968979e-01 5.60628691e-01 5.47429169e-01
 6.41851790e-01 5.24550544e-01 5.60856408e-01 2.25612088e-01
 1.71003338e-01 7.56963097e-02 4.70474588e-01 1.94475648e-06
 4.88545909e-01 7.17310496e-01 1.01498445e-02 2.24015803e-01
 3.76725158e-01 4.18822665e-01 8.98089360e-03 6.30675497e-01
 1.23037059e-01 4.71096330e-01]
stepsize_vec:,[0.   0.   0.   0.   0.   0.   0.   0.   0.   0.1  0.1  0.1  0.1  0.1
 0.08 0.08 0.08 0.08 0.08 0.08 0.08 0.08 0.08 0.08 0.08 0.08 0.08 0.08
 0.08 0.08 0.08 0.08 0.08 0.08 0.08 0.08 0.08 0.08 0.08 0.08 0.08 0.08
 0.08 0.08 0.08 0.08 0.08 0.08 0.08 0.08 0.08 0.08 0.08 0.08 0.08 0.08
 0.08 0.08 0.08 0.08 0.08 0.08 0.08 0.08 0.08 0.08 0.08 0.08 0.08 0.08
 0.08 0.08 0.08 0.08 0.08 0.08 0.08 0.08 0.08 0.08 0.08 0.08 0.08 0.08
 0.08 0.08 0.08 0.08 0.08 0.08 0.08 0.08 0.08 0.08 0.08 0.08 0.08 0.08
 0.08 0.08 0.08 0.08 0.08 0.08 0.08 0.08 0.08 0.08 0.08 0.08 0.08 0.08
 0.08 0.08]
step_ratio_vec:,[0.1 0.1 0.1 0.1 0.1 0.1 0.1 0.1 0.1 0.1 0.1 0.1 0.1 0.1 0.1 0.1 0.1 0.1
 0.1 0.1 0.1 0.1 0.1 0.1 0.1 0.1 0.1 0.1 0.1 0.1 0.1 0.1 0.1 0.1 0.1 0.1
 0.1 0.1 0.1 0.1 0.1 0.1 0.1 0.1 0.1 0.1 0.1 0.1 0.1 0.1 0.1 0.1 0.1 0.1
 0.1 0.1 0.1 0.1 0.1 0.1 0.1 0.1 0.1 0.1 0.1 0.1 0.1 0.1 0.1 0.1 0.1 0.1
 0.1 0.1 0.1 0.1 0.1 0.1 0.1 0.1 0.1 0.1 0.1 0.1 0.1 0.1 0.1 0.1 0.1 0.1
 0.1 0.1 0.1 0.1 0.1 0.1 0.1 0.1 0.1 0.1 0.1 0.1 0.1 0.1 0.1 0.1 0.1 0.1
 0.1 0.1 0.1 0.1 0.1 0.1]
swap interval:,10
sim interval:,[      0.  250000.  500000.  750000. 1000000.]
likelihood_sed (T/F):,True
erodep_coords:,[[42 10]
 [39  8]
 [75 51]
 [59 13]
 [40  5]
 [ 6 20]
 [14 66]
 [ 4 40]
 [72 73]
 [46 64]]
sed scaling factor:,50