
samples_per_chain:,1000
burnin:,0.25
num params:,114
initial_proposed_vec:,[1.50000000e+00 1.50000000e+00 1.50000000e+00 1.50000000e+00
 5.00000000e-06 5.00000000e-01 1.00000000e+00 5.00000000e-01
 8.00000000e-01 7.92848280e-01 9.92042720e-01 2.40087439e-01
 6.34224355e-02 7.18407827e-01 4.50566421e-02 1.40496202e-01
 1.98340417e-01 9.09806170e-02 3.98809258e-01 3.27003996e-01
 3.44804065e-01 1.89056933e-01 3.10949608e-01 3.53144637e-02
 3.97587940e-02 6.50109448e-02 1.76269246e-01 5.57721027e-03
 1.43374379e-01 3.72244132e-01 1.87859196e-01 2.41714788e-01
 2.07189295e-01 3.19697761e-01 1.04477633e-01 6.76431229e-02
 1.26161362e-01 1.06591032e-01 3.35029119e-01 4.40111421e-02
 3.54114309e-01 7.89470813e-02 3.16523235e-01 1.98558510e-01
 1.15619911e-01 2.49215950e-01 3.41093542e-01 3.51552543e-01
 1.91280561e-02 2.03812014e-01 3.68244559e-01 3.90899918e-01
 1.17243037e-01 2.25647800e-02 1.35688877e-01 2.74629499e-01
 2.97790454e-01 5.70686459e-02 1.94240385e-01 1.68282476e-02
 1.04695552e-01 1.18483479e-01 3.47189965e-01 2.49205172e-03
 2.04823516e-01 1.78091820e-01 2.02997381e-02 3.82100984e-01
 2.22104309e-01 2.09384939e-01 3.93539932e-01 3.83333983e-01
 3.30016409e-01 3.46882837e-01 2.46658904e-01 1.67805457e-01
 3.49117467e-01 3.49497997e-01 1.83353364e-01 9.49762090e-02
 2.94490798e-01 9.57629394e-02 5.82087361e-02 1.70061284e-01
 3.96088538e-01 3.88746530e-01 3.27416951e-01 2.48029886e-01
 2.24103872e-01 3.62411335e-01 3.80566354e-02 2.80189552e-01
 1.71815056e-02 1.03359924e-01 1.41696918e-01 2.36767367e-01
 1.99015215e-01 3.65719148e-01 1.61619736e-01 1.70416641e-01
 9.63425170e-02 1.40222594e-01 2.98435738e-01 2.07323323e-01
 1.85065714e-01 3.91850134e-01 1.01472089e-01 2.08393313e-01
 1.51185600e-01 3.85936269e-01 9.48431938e-03 1.64661143e-01
 2.22318162e-01 3.21992153e-01]
stepsize_vec:,[0.   0.   0.   0.   0.   0.   0.   0.   0.   0.1  0.1  0.1  0.1  0.1
 0.04 0.04 0.04 0.04 0.04 0.04 0.04 0.04 0.04 0.04 0.04 0.04 0.04 0.04
 0.04 0.04 0.04 0.04 0.04 0.04 0.04 0.04 0.04 0.04 0.04 0.04 0.04 0.04
 0.04 0.04 0.04 0.04 0.04 0.04 0.04 0.04 0.04 0.04 0.04 0.04 0.04 0.04
 0.04 0.04 0.04 0.04 0.04 0.04 0.04 0.04 0.04 0.04 0.04 0.04 0.04 0.04
 0.04 0.04 0.04 0.04 0.04 0.04 0.04 0.04 0.04 0.04 0.04 0.04 0.04 0.04
 0.04 0.04 0.04 0.04 0.04 0.04 0.04 0.04 0.04 0.04 0.04 0.04 0.04 0.04
 0.04 0.04 0.04 0.04 0.04 0.04 0.04 0.04 0.04 0.04 0.04 0.04 0.04 0.04
 0.04 0.04]
step_ratio_vec:,[0.1 0.1 0.1 0.1 0.1 0.1 0.1 0.1 0.1 0.1 0.1 0.1 0.1 0.1 0.1 0.1 0.1 0.1
 0.1 0.1 0.1 0.1 0.1 0.1 0.1 0.1 0.1 0.1 0.1 0.1 0.1 0.1 0.1 0.1 0.1 0.1
 0.1 0.1 0.1 0.1 0.1 0.1 0.1 0.1 0.1 0.1 0.1 0.1 0.1 0.1 0.1 0.1 0.1 0.1
 0.1 0.1 0.1 0.1 0.1 0.1 0.1 0.1 0.1 0.1 0.1 0.1 0.1 0.1 0.1 0.1 0.1 0.1
 0.1 0.1 0.1 0.1 0.1 0.1 0.1 0.1 0.1 0.1 0.1 0.1 0.1 0.1 0.1 0.1 0.1 0.1
 0.1 0.1 0.1 0.1 0.1 0.1 0.1 0.1 0.1 0.1 0.1 0.1 0.1 0.1 0.1 0.1 0.1 0.1
 0.1 0.1 0.1 0.1 0.1 0.1]
swap interval:,10
sim interval:,[      0.  250000.  500000.  750000. 1000000.]
likelihood_sed (T/F):,True
erodep_coords:,[[42 10]
 [39  8]
 [75 51]
 [59 13]
 [40  5]
 [ 6 20]
 [14 66]
 [ 4 40]
 [72 73]
 [46 64]]
sed scaling factor:,50
samples_per_chain:,1000
burnin:,0.25
num params:,114
initial_proposed_vec:,[1.50000000e+00 1.50000000e+00 1.50000000e+00 1.50000000e+00
 5.00000000e-06 5.00000000e-01 1.00000000e+00 5.00000000e-01
 8.00000000e-01 7.92848280e-01 9.92042720e-01 2.40087439e-01
 6.34224355e-02 7.18407827e-01 4.50566421e-02 1.40496202e-01
 1.98340417e-01 9.09806170e-02 3.98809258e-01 3.27003996e-01
 3.44804065e-01 1.89056933e-01 3.10949608e-01 3.53144637e-02
 3.97587940e-02 6.50109448e-02 1.76269246e-01 5.57721027e-03
 1.43374379e-01 3.72244132e-01 1.87859196e-01 2.41714788e-01
 2.07189295e-01 3.19697761e-01 1.04477633e-01 6.76431229e-02
 1.26161362e-01 1.06591032e-01 3.35029119e-01 4.40111421e-02
 3.54114309e-01 7.89470813e-02 3.16523235e-01 1.98558510e-01
 1.15619911e-01 2.49215950e-01 3.41093542e-01 3.51552543e-01
 1.91280561e-02 2.03812014e-01 3.68244559e-01 3.90899918e-01
 1.17243037e-01 2.25647800e-02 1.35688877e-01 2.74629499e-01
 2.97790454e-01 5.70686459e-02 1.94240385e-01 1.68282476e-02
 1.04695552e-01 1.18483479e-01 3.47189965e-01 2.49205172e-03
 2.04823516e-01 1.78091820e-01 2.02997381e-02 3.82100984e-01
 2.22104309e-01 2.09384939e-01 3.93539932e-01 3.83333983e-01
 3.30016409e-01 3.46882837e-01 2.46658904e-01 1.67805457e-01
 3.49117467e-01 3.49497997e-01 1.83353364e-01 9.49762090e-02
 2.94490798e-01 9.57629394e-02 5.82087361e-02 1.70061284e-01
 3.96088538e-01 3.88746530e-01 3.27416951e-01 2.48029886e-01
 2.24103872e-01 3.62411335e-01 3.80566354e-02 2.80189552e-01
 1.71815056e-02 1.03359924e-01 1.41696918e-01 2.36767367e-01
 1.99015215e-01 3.65719148e-01 1.61619736e-01 1.70416641e-01
 9.63425170e-02 1.40222594e-01 2.98435738e-01 2.07323323e-01
 1.85065714e-01 3.91850134e-01 1.01472089e-01 2.08393313e-01
 1.51185600e-01 3.85936269e-01 9.48431938e-03 1.64661143e-01
 2.22318162e-01 3.21992153e-01]
stepsize_vec:,[0.   0.   0.   0.   0.   0.   0.   0.   0.   0.1  0.1  0.1  0.1  0.1
 0.04 0.04 0.04 0.04 0.04 0.04 0.04 0.04 0.04 0.04 0.04 0.04 0.04 0.04
 0.04 0.04 0.04 0.04 0.04 0.04 0.04 0.04 0.04 0.04 0.04 0.04 0.04 0.04
 0.04 0.04 0.04 0.04 0.04 0.04 0.04 0.04 0.04 0.04 0.04 0.04 0.04 0.04
 0.04 0.04 0.04 0.04 0.04 0.04 0.04 0.04 0.04 0.04 0.04 0.04 0.04 0.04
 0.04 0.04 0.04 0.04 0.04 0.04 0.04 0.04 0.04 0.04 0.04 0.04 0.04 0.04
 0.04 0.04 0.04 0.04 0.04 0.04 0.04 0.04 0.04 0.04 0.04 0.04 0.04 0.04
 0.04 0.04 0.04 0.04 0.04 0.04 0.04 0.04 0.04 0.04 0.04 0.04 0.04 0.04
 0.04 0.04]
step_ratio_vec:,[0.1 0.1 0.1 0.1 0.1 0.1 0.1 0.1 0.1 0.1 0.1 0.1 0.1 0.1 0.1 0.1 0.1 0.1
 0.1 0.1 0.1 0.1 0.1 0.1 0.1 0.1 0.1 0.1 0.1 0.1 0.1 0.1 0.1 0.1 0.1 0.1
 0.1 0.1 0.1 0.1 0.1 0.1 0.1 0.1 0.1 0.1 0.1 0.1 0.1 0.1 0.1 0.1 0.1 0.1
 0.1 0.1 0.1 0.1 0.1 0.1 0.1 0.1 0.1 0.1 0.1 0.1 0.1 0.1 0.1 0.1 0.1 0.1
 0.1 0.1 0.1 0.1 0.1 0.1 0.1 0.1 0.1 0.1 0.1 0.1 0.1 0.1 0.1 0.1 0.1 0.1
 0.1 0.1 0.1 0.1 0.1 0.1 0.1 0.1 0.1 0.1 0.1 0.1 0.1 0.1 0.1 0.1 0.1 0.1
 0.1 0.1 0.1 0.1 0.1 0.1]
swap interval:,10
sim interval:,[      0.  250000.  500000.  750000. 1000000.]
likelihood_sed (T/F):,True
erodep_coords:,[[42 10]
 [39  8]
 [75 51]
 [59 13]
 [40  5]
 [ 6 20]
 [14 66]
 [ 4 40]
 [72 73]
 [46 64]]
sed scaling factor:,50
samples_per_chain:,1000
burnin:,0.25
num params:,114
initial_proposed_vec:,[1.50000000e+00 1.50000000e+00 1.50000000e+00 1.50000000e+00
 5.00000000e-06 5.00000000e-01 1.00000000e+00 5.00000000e-01
 8.00000000e-01 7.92848280e-01 9.92042720e-01 2.40087439e-01
 6.34224355e-02 7.18407827e-01 4.50566421e-02 1.40496202e-01
 1.98340417e-01 9.09806170e-02 3.98809258e-01 3.27003996e-01
 3.44804065e-01 1.89056933e-01 3.10949608e-01 3.53144637e-02
 3.97587940e-02 6.50109448e-02 1.76269246e-01 5.57721027e-03
 1.43374379e-01 3.72244132e-01 1.87859196e-01 2.41714788e-01
 2.07189295e-01 3.19697761e-01 1.04477633e-01 6.76431229e-02
 1.26161362e-01 1.06591032e-01 3.35029119e-01 4.40111421e-02
 3.54114309e-01 7.89470813e-02 3.16523235e-01 1.98558510e-01
 1.15619911e-01 2.49215950e-01 3.41093542e-01 3.51552543e-01
 1.91280561e-02 2.03812014e-01 3.68244559e-01 3.90899918e-01
 1.17243037e-01 2.25647800e-02 1.35688877e-01 2.74629499e-01
 2.97790454e-01 5.70686459e-02 1.94240385e-01 1.68282476e-02
 1.04695552e-01 1.18483479e-01 3.47189965e-01 2.49205172e-03
 2.04823516e-01 1.78091820e-01 2.02997381e-02 3.82100984e-01
 2.22104309e-01 2.09384939e-01 3.93539932e-01 3.83333983e-01
 3.30016409e-01 3.46882837e-01 2.46658904e-01 1.67805457e-01
 3.49117467e-01 3.49497997e-01 1.83353364e-01 9.49762090e-02
 2.94490798e-01 9.57629394e-02 5.82087361e-02 1.70061284e-01
 3.96088538e-01 3.88746530e-01 3.27416951e-01 2.48029886e-01
 2.24103872e-01 3.62411335e-01 3.80566354e-02 2.80189552e-01
 1.71815056e-02 1.03359924e-01 1.41696918e-01 2.36767367e-01
 1.99015215e-01 3.65719148e-01 1.61619736e-01 1.70416641e-01
 9.63425170e-02 1.40222594e-01 2.98435738e-01 2.07323323e-01
 1.85065714e-01 3.91850134e-01 1.01472089e-01 2.08393313e-01
 1.51185600e-01 3.85936269e-01 9.48431938e-03 1.64661143e-01
 2.22318162e-01 3.21992153e-01]
stepsize_vec:,[0.   0.   0.   0.   0.   0.   0.   0.   0.   0.1  0.1  0.1  0.1  0.1
 0.04 0.04 0.04 0.04 0.04 0.04 0.04 0.04 0.04 0.04 0.04 0.04 0.04 0.04
 0.04 0.04 0.04 0.04 0.04 0.04 0.04 0.04 0.04 0.04 0.04 0.04 0.04 0.04
 0.04 0.04 0.04 0.04 0.04 0.04 0.04 0.04 0.04 0.04 0.04 0.04 0.04 0.04
 0.04 0.04 0.04 0.04 0.04 0.04 0.04 0.04 0.04 0.04 0.04 0.04 0.04 0.04
 0.04 0.04 0.04 0.04 0.04 0.04 0.04 0.04 0.04 0.04 0.04 0.04 0.04 0.04
 0.04 0.04 0.04 0.04 0.04 0.04 0.04 0.04 0.04 0.04 0.04 0.04 0.04 0.04
 0.04 0.04 0.04 0.04 0.04 0.04 0.04 0.04 0.04 0.04 0.04 0.04 0.04 0.04
 0.04 0.04]
step_ratio_vec:,[0.1 0.1 0.1 0.1 0.1 0.1 0.1 0.1 0.1 0.1 0.1 0.1 0.1 0.1 0.1 0.1 0.1 0.1
 0.1 0.1 0.1 0.1 0.1 0.1 0.1 0.1 0.1 0.1 0.1 0.1 0.1 0.1 0.1 0.1 0.1 0.1
 0.1 0.1 0.1 0.1 0.1 0.1 0.1 0.1 0.1 0.1 0.1 0.1 0.1 0.1 0.1 0.1 0.1 0.1
 0.1 0.1 0.1 0.1 0.1 0.1 0.1 0.1 0.1 0.1 0.1 0.1 0.1 0.1 0.1 0.1 0.1 0.1
 0.1 0.1 0.1 0.1 0.1 0.1 0.1 0.1 0.1 0.1 0.1 0.1 0.1 0.1 0.1 0.1 0.1 0.1
 0.1 0.1 0.1 0.1 0.1 0.1 0.1 0.1 0.1 0.1 0.1 0.1 0.1 0.1 0.1 0.1 0.1 0.1
 0.1 0.1 0.1 0.1 0.1 0.1]
swap interval:,10
sim interval:,[      0.  250000.  500000.  750000. 1000000.]
likelihood_sed (T/F):,True
erodep_coords:,[[42 10]
 [39  8]
 [75 51]
 [59 13]
 [40  5]
 [ 6 20]
 [14 66]
 [ 4 40]
 [72 73]
 [46 64]]
sed scaling factor:,50
samples_per_chain:,1000
burnin:,0.25
num params:,114
initial_proposed_vec:,[1.50000000e+00 1.50000000e+00 1.50000000e+00 1.50000000e+00
 5.00000000e-06 5.00000000e-01 1.00000000e+00 5.00000000e-01
 8.00000000e-01 7.92848280e-01 9.92042720e-01 2.40087439e-01
 6.34224355e-02 7.18407827e-01 4.50566421e-02 1.40496202e-01
 1.98340417e-01 9.09806170e-02 3.98809258e-01 3.27003996e-01
 3.44804065e-01 1.89056933e-01 3.10949608e-01 3.53144637e-02
 3.97587940e-02 6.50109448e-02 1.76269246e-01 5.57721027e-03
 1.43374379e-01 3.72244132e-01 1.87859196e-01 2.41714788e-01
 2.07189295e-01 3.19697761e-01 1.04477633e-01 6.76431229e-02
 1.26161362e-01 1.06591032e-01 3.35029119e-01 4.40111421e-02
 3.54114309e-01 7.89470813e-02 3.16523235e-01 1.98558510e-01
 1.15619911e-01 2.49215950e-01 3.41093542e-01 3.51552543e-01
 1.91280561e-02 2.03812014e-01 3.68244559e-01 3.90899918e-01
 1.17243037e-01 2.25647800e-02 1.35688877e-01 2.74629499e-01
 2.97790454e-01 5.70686459e-02 1.94240385e-01 1.68282476e-02
 1.04695552e-01 1.18483479e-01 3.47189965e-01 2.49205172e-03
 2.04823516e-01 1.78091820e-01 2.02997381e-02 3.82100984e-01
 2.22104309e-01 2.09384939e-01 3.93539932e-01 3.83333983e-01
 3.30016409e-01 3.46882837e-01 2.46658904e-01 1.67805457e-01
 3.49117467e-01 3.49497997e-01 1.83353364e-01 9.49762090e-02
 2.94490798e-01 9.57629394e-02 5.82087361e-02 1.70061284e-01
 3.96088538e-01 3.88746530e-01 3.27416951e-01 2.48029886e-01
 2.24103872e-01 3.62411335e-01 3.80566354e-02 2.80189552e-01
 1.71815056e-02 1.03359924e-01 1.41696918e-01 2.36767367e-01
 1.99015215e-01 3.65719148e-01 1.61619736e-01 1.70416641e-01
 9.63425170e-02 1.40222594e-01 2.98435738e-01 2.07323323e-01
 1.85065714e-01 3.91850134e-01 1.01472089e-01 2.08393313e-01
 1.51185600e-01 3.85936269e-01 9.48431938e-03 1.64661143e-01
 2.22318162e-01 3.21992153e-01]
stepsize_vec:,[0.   0.   0.   0.   0.   0.   0.   0.   0.   0.1  0.1  0.1  0.1  0.1
 0.04 0.04 0.04 0.04 0.04 0.04 0.04 0.04 0.04 0.04 0.04 0.04 0.04 0.04
 0.04 0.04 0.04 0.04 0.04 0.04 0.04 0.04 0.04 0.04 0.04 0.04 0.04 0.04
 0.04 0.04 0.04 0.04 0.04 0.04 0.04 0.04 0.04 0.04 0.04 0.04 0.04 0.04
 0.04 0.04 0.04 0.04 0.04 0.04 0.04 0.04 0.04 0.04 0.04 0.04 0.04 0.04
 0.04 0.04 0.04 0.04 0.04 0.04 0.04 0.04 0.04 0.04 0.04 0.04 0.04 0.04
 0.04 0.04 0.04 0.04 0.04 0.04 0.04 0.04 0.04 0.04 0.04 0.04 0.04 0.04
 0.04 0.04 0.04 0.04 0.04 0.04 0.04 0.04 0.04 0.04 0.04 0.04 0.04 0.04
 0.04 0.04]
step_ratio_vec:,[0.1 0.1 0.1 0.1 0.1 0.1 0.1 0.1 0.1 0.1 0.1 0.1 0.1 0.1 0.1 0.1 0.1 0.1
 0.1 0.1 0.1 0.1 0.1 0.1 0.1 0.1 0.1 0.1 0.1 0.1 0.1 0.1 0.1 0.1 0.1 0.1
 0.1 0.1 0.1 0.1 0.1 0.1 0.1 0.1 0.1 0.1 0.1 0.1 0.1 0.1 0.1 0.1 0.1 0.1
 0.1 0.1 0.1 0.1 0.1 0.1 0.1 0.1 0.1 0.1 0.1 0.1 0.1 0.1 0.1 0.1 0.1 0.1
 0.1 0.1 0.1 0.1 0.1 0.1 0.1 0.1 0.1 0.1 0.1 0.1 0.1 0.1 0.1 0.1 0.1 0.1
 0.1 0.1 0.1 0.1 0.1 0.1 0.1 0.1 0.1 0.1 0.1 0.1 0.1 0.1 0.1 0.1 0.1 0.1
 0.1 0.1 0.1 0.1 0.1 0.1]
swap interval:,10
sim interval:,[      0.  250000.  500000.  750000. 1000000.]
likelihood_sed (T/F):,True
erodep_coords:,[[42 10]
 [39  8]
 [75 51]
 [59 13]
 [40  5]
 [ 6 20]
 [14 66]
 [ 4 40]
 [72 73]
 [46 64]]
sed scaling factor:,50
samples_per_chain:,1000
burnin:,0.25
num params:,114
initial_proposed_vec:,[1.50000000e+00 1.50000000e+00 1.50000000e+00 1.50000000e+00
 5.00000000e-06 5.00000000e-01 1.00000000e+00 5.00000000e-01
 8.00000000e-01 7.92848280e-01 9.92042720e-01 2.40087439e-01
 6.34224355e-02 7.18407827e-01 4.50566421e-02 1.40496202e-01
 1.98340417e-01 9.09806170e-02 3.98809258e-01 3.27003996e-01
 3.44804065e-01 1.89056933e-01 3.10949608e-01 3.53144637e-02
 3.97587940e-02 6.50109448e-02 1.76269246e-01 5.57721027e-03
 1.43374379e-01 3.72244132e-01 1.87859196e-01 2.41714788e-01
 2.07189295e-01 3.19697761e-01 1.04477633e-01 6.76431229e-02
 1.26161362e-01 1.06591032e-01 3.35029119e-01 4.40111421e-02
 3.54114309e-01 7.89470813e-02 3.16523235e-01 1.98558510e-01
 1.15619911e-01 2.49215950e-01 3.41093542e-01 3.51552543e-01
 1.91280561e-02 2.03812014e-01 3.68244559e-01 3.90899918e-01
 1.17243037e-01 2.25647800e-02 1.35688877e-01 2.74629499e-01
 2.97790454e-01 5.70686459e-02 1.94240385e-01 1.68282476e-02
 1.04695552e-01 1.18483479e-01 3.47189965e-01 2.49205172e-03
 2.04823516e-01 1.78091820e-01 2.02997381e-02 3.82100984e-01
 2.22104309e-01 2.09384939e-01 3.93539932e-01 3.83333983e-01
 3.30016409e-01 3.46882837e-01 2.46658904e-01 1.67805457e-01
 3.49117467e-01 3.49497997e-01 1.83353364e-01 9.49762090e-02
 2.94490798e-01 9.57629394e-02 5.82087361e-02 1.70061284e-01
 3.96088538e-01 3.88746530e-01 3.27416951e-01 2.48029886e-01
 2.24103872e-01 3.62411335e-01 3.80566354e-02 2.80189552e-01
 1.71815056e-02 1.03359924e-01 1.41696918e-01 2.36767367e-01
 1.99015215e-01 3.65719148e-01 1.61619736e-01 1.70416641e-01
 9.63425170e-02 1.40222594e-01 2.98435738e-01 2.07323323e-01
 1.85065714e-01 3.91850134e-01 1.01472089e-01 2.08393313e-01
 1.51185600e-01 3.85936269e-01 9.48431938e-03 1.64661143e-01
 2.22318162e-01 3.21992153e-01]
stepsize_vec:,[0.   0.   0.   0.   0.   0.   0.   0.   0.   0.1  0.1  0.1  0.1  0.1
 0.04 0.04 0.04 0.04 0.04 0.04 0.04 0.04 0.04 0.04 0.04 0.04 0.04 0.04
 0.04 0.04 0.04 0.04 0.04 0.04 0.04 0.04 0.04 0.04 0.04 0.04 0.04 0.04
 0.04 0.04 0.04 0.04 0.04 0.04 0.04 0.04 0.04 0.04 0.04 0.04 0.04 0.04
 0.04 0.04 0.04 0.04 0.04 0.04 0.04 0.04 0.04 0.04 0.04 0.04 0.04 0.04
 0.04 0.04 0.04 0.04 0.04 0.04 0.04 0.04 0.04 0.04 0.04 0.04 0.04 0.04
 0.04 0.04 0.04 0.04 0.04 0.04 0.04 0.04 0.04 0.04 0.04 0.04 0.04 0.04
 0.04 0.04 0.04 0.04 0.04 0.04 0.04 0.04 0.04 0.04 0.04 0.04 0.04 0.04
 0.04 0.04]
step_ratio_vec:,[0.1 0.1 0.1 0.1 0.1 0.1 0.1 0.1 0.1 0.1 0.1 0.1 0.1 0.1 0.1 0.1 0.1 0.1
 0.1 0.1 0.1 0.1 0.1 0.1 0.1 0.1 0.1 0.1 0.1 0.1 0.1 0.1 0.1 0.1 0.1 0.1
 0.1 0.1 0.1 0.1 0.1 0.1 0.1 0.1 0.1 0.1 0.1 0.1 0.1 0.1 0.1 0.1 0.1 0.1
 0.1 0.1 0.1 0.1 0.1 0.1 0.1 0.1 0.1 0.1 0.1 0.1 0.1 0.1 0.1 0.1 0.1 0.1
 0.1 0.1 0.1 0.1 0.1 0.1 0.1 0.1 0.1 0.1 0.1 0.1 0.1 0.1 0.1 0.1 0.1 0.1
 0.1 0.1 0.1 0.1 0.1 0.1 0.1 0.1 0.1 0.1 0.1 0.1 0.1 0.1 0.1 0.1 0.1 0.1
 0.1 0.1 0.1 0.1 0.1 0.1]
swap interval:,10
sim interval:,[      0.  250000.  500000.  750000. 1000000.]
likelihood_sed (T/F):,True
erodep_coords:,[[42 10]
 [39  8]
 [75 51]
 [59 13]
 [40  5]
 [ 6 20]
 [14 66]
 [ 4 40]
 [72 73]
 [46 64]]
sed scaling factor:,50
samples_per_chain:,1000
burnin:,0.25
num params:,114
initial_proposed_vec:,[1.50000000e+00 1.50000000e+00 1.50000000e+00 1.50000000e+00
 5.00000000e-06 5.00000000e-01 1.00000000e+00 5.00000000e-01
 8.00000000e-01 7.92848280e-01 9.92042720e-01 2.40087439e-01
 6.34224355e-02 7.18407827e-01 4.50566421e-02 1.40496202e-01
 1.98340417e-01 9.09806170e-02 3.98809258e-01 3.27003996e-01
 3.44804065e-01 1.89056933e-01 3.10949608e-01 3.53144637e-02
 3.97587940e-02 6.50109448e-02 1.76269246e-01 5.57721027e-03
 1.43374379e-01 3.72244132e-01 1.87859196e-01 2.41714788e-01
 2.07189295e-01 3.19697761e-01 1.04477633e-01 6.76431229e-02
 1.26161362e-01 1.06591032e-01 3.35029119e-01 4.40111421e-02
 3.54114309e-01 7.89470813e-02 3.16523235e-01 1.98558510e-01
 1.15619911e-01 2.49215950e-01 3.41093542e-01 3.51552543e-01
 1.91280561e-02 2.03812014e-01 3.68244559e-01 3.90899918e-01
 1.17243037e-01 2.25647800e-02 1.35688877e-01 2.74629499e-01
 2.97790454e-01 5.70686459e-02 1.94240385e-01 1.68282476e-02
 1.04695552e-01 1.18483479e-01 3.47189965e-01 2.49205172e-03
 2.04823516e-01 1.78091820e-01 2.02997381e-02 3.82100984e-01
 2.22104309e-01 2.09384939e-01 3.93539932e-01 3.83333983e-01
 3.30016409e-01 3.46882837e-01 2.46658904e-01 1.67805457e-01
 3.49117467e-01 3.49497997e-01 1.83353364e-01 9.49762090e-02
 2.94490798e-01 9.57629394e-02 5.82087361e-02 1.70061284e-01
 3.96088538e-01 3.88746530e-01 3.27416951e-01 2.48029886e-01
 2.24103872e-01 3.62411335e-01 3.80566354e-02 2.80189552e-01
 1.71815056e-02 1.03359924e-01 1.41696918e-01 2.36767367e-01
 1.99015215e-01 3.65719148e-01 1.61619736e-01 1.70416641e-01
 9.63425170e-02 1.40222594e-01 2.98435738e-01 2.07323323e-01
 1.85065714e-01 3.91850134e-01 1.01472089e-01 2.08393313e-01
 1.51185600e-01 3.85936269e-01 9.48431938e-03 1.64661143e-01
 2.22318162e-01 3.21992153e-01]
stepsize_vec:,[0.   0.   0.   0.   0.   0.   0.   0.   0.   0.1  0.1  0.1  0.1  0.1
 0.04 0.04 0.04 0.04 0.04 0.04 0.04 0.04 0.04 0.04 0.04 0.04 0.04 0.04
 0.04 0.04 0.04 0.04 0.04 0.04 0.04 0.04 0.04 0.04 0.04 0.04 0.04 0.04
 0.04 0.04 0.04 0.04 0.04 0.04 0.04 0.04 0.04 0.04 0.04 0.04 0.04 0.04
 0.04 0.04 0.04 0.04 0.04 0.04 0.04 0.04 0.04 0.04 0.04 0.04 0.04 0.04
 0.04 0.04 0.04 0.04 0.04 0.04 0.04 0.04 0.04 0.04 0.04 0.04 0.04 0.04
 0.04 0.04 0.04 0.04 0.04 0.04 0.04 0.04 0.04 0.04 0.04 0.04 0.04 0.04
 0.04 0.04 0.04 0.04 0.04 0.04 0.04 0.04 0.04 0.04 0.04 0.04 0.04 0.04
 0.04 0.04]
step_ratio_vec:,[0.1 0.1 0.1 0.1 0.1 0.1 0.1 0.1 0.1 0.1 0.1 0.1 0.1 0.1 0.1 0.1 0.1 0.1
 0.1 0.1 0.1 0.1 0.1 0.1 0.1 0.1 0.1 0.1 0.1 0.1 0.1 0.1 0.1 0.1 0.1 0.1
 0.1 0.1 0.1 0.1 0.1 0.1 0.1 0.1 0.1 0.1 0.1 0.1 0.1 0.1 0.1 0.1 0.1 0.1
 0.1 0.1 0.1 0.1 0.1 0.1 0.1 0.1 0.1 0.1 0.1 0.1 0.1 0.1 0.1 0.1 0.1 0.1
 0.1 0.1 0.1 0.1 0.1 0.1 0.1 0.1 0.1 0.1 0.1 0.1 0.1 0.1 0.1 0.1 0.1 0.1
 0.1 0.1 0.1 0.1 0.1 0.1 0.1 0.1 0.1 0.1 0.1 0.1 0.1 0.1 0.1 0.1 0.1 0.1
 0.1 0.1 0.1 0.1 0.1 0.1]
swap interval:,10
sim interval:,[      0.  250000.  500000.  750000. 1000000.]
likelihood_sed (T/F):,True
erodep_coords:,[[42 10]
 [39  8]
 [75 51]
 [59 13]
 [40  5]
 [ 6 20]
 [14 66]
 [ 4 40]
 [72 73]
 [46 64]]
sed scaling factor:,50
samples_per_chain:,1000
burnin:,0.25
num params:,114
initial_proposed_vec:,[1.50000000e+00 1.50000000e+00 1.50000000e+00 1.50000000e+00
 5.00000000e-06 5.00000000e-01 1.00000000e+00 5.00000000e-01
 8.00000000e-01 7.92848280e-01 9.92042720e-01 2.40087439e-01
 6.34224355e-02 7.18407827e-01 4.50566421e-02 1.40496202e-01
 1.98340417e-01 9.09806170e-02 3.98809258e-01 3.27003996e-01
 3.44804065e-01 1.89056933e-01 3.10949608e-01 3.53144637e-02
 3.97587940e-02 6.50109448e-02 1.76269246e-01 5.57721027e-03
 1.43374379e-01 3.72244132e-01 1.87859196e-01 2.41714788e-01
 2.07189295e-01 3.19697761e-01 1.04477633e-01 6.76431229e-02
 1.26161362e-01 1.06591032e-01 3.35029119e-01 4.40111421e-02
 3.54114309e-01 7.89470813e-02 3.16523235e-01 1.98558510e-01
 1.15619911e-01 2.49215950e-01 3.41093542e-01 3.51552543e-01
 1.91280561e-02 2.03812014e-01 3.68244559e-01 3.90899918e-01
 1.17243037e-01 2.25647800e-02 1.35688877e-01 2.74629499e-01
 2.97790454e-01 5.70686459e-02 1.94240385e-01 1.68282476e-02
 1.04695552e-01 1.18483479e-01 3.47189965e-01 2.49205172e-03
 2.04823516e-01 1.78091820e-01 2.02997381e-02 3.82100984e-01
 2.22104309e-01 2.09384939e-01 3.93539932e-01 3.83333983e-01
 3.30016409e-01 3.46882837e-01 2.46658904e-01 1.67805457e-01
 3.49117467e-01 3.49497997e-01 1.83353364e-01 9.49762090e-02
 2.94490798e-01 9.57629394e-02 5.82087361e-02 1.70061284e-01
 3.96088538e-01 3.88746530e-01 3.27416951e-01 2.48029886e-01
 2.24103872e-01 3.62411335e-01 3.80566354e-02 2.80189552e-01
 1.71815056e-02 1.03359924e-01 1.41696918e-01 2.36767367e-01
 1.99015215e-01 3.65719148e-01 1.61619736e-01 1.70416641e-01
 9.63425170e-02 1.40222594e-01 2.98435738e-01 2.07323323e-01
 1.85065714e-01 3.91850134e-01 1.01472089e-01 2.08393313e-01
 1.51185600e-01 3.85936269e-01 9.48431938e-03 1.64661143e-01
 2.22318162e-01 3.21992153e-01]
stepsize_vec:,[0.   0.   0.   0.   0.   0.   0.   0.   0.   0.1  0.1  0.1  0.1  0.1
 0.04 0.04 0.04 0.04 0.04 0.04 0.04 0.04 0.04 0.04 0.04 0.04 0.04 0.04
 0.04 0.04 0.04 0.04 0.04 0.04 0.04 0.04 0.04 0.04 0.04 0.04 0.04 0.04
 0.04 0.04 0.04 0.04 0.04 0.04 0.04 0.04 0.04 0.04 0.04 0.04 0.04 0.04
 0.04 0.04 0.04 0.04 0.04 0.04 0.04 0.04 0.04 0.04 0.04 0.04 0.04 0.04
 0.04 0.04 0.04 0.04 0.04 0.04 0.04 0.04 0.04 0.04 0.04 0.04 0.04 0.04
 0.04 0.04 0.04 0.04 0.04 0.04 0.04 0.04 0.04 0.04 0.04 0.04 0.04 0.04
 0.04 0.04 0.04 0.04 0.04 0.04 0.04 0.04 0.04 0.04 0.04 0.04 0.04 0.04
 0.04 0.04]
step_ratio_vec:,[0.1 0.1 0.1 0.1 0.1 0.1 0.1 0.1 0.1 0.1 0.1 0.1 0.1 0.1 0.1 0.1 0.1 0.1
 0.1 0.1 0.1 0.1 0.1 0.1 0.1 0.1 0.1 0.1 0.1 0.1 0.1 0.1 0.1 0.1 0.1 0.1
 0.1 0.1 0.1 0.1 0.1 0.1 0.1 0.1 0.1 0.1 0.1 0.1 0.1 0.1 0.1 0.1 0.1 0.1
 0.1 0.1 0.1 0.1 0.1 0.1 0.1 0.1 0.1 0.1 0.1 0.1 0.1 0.1 0.1 0.1 0.1 0.1
 0.1 0.1 0.1 0.1 0.1 0.1 0.1 0.1 0.1 0.1 0.1 0.1 0.1 0.1 0.1 0.1 0.1 0.1
 0.1 0.1 0.1 0.1 0.1 0.1 0.1 0.1 0.1 0.1 0.1 0.1 0.1 0.1 0.1 0.1 0.1 0.1
 0.1 0.1 0.1 0.1 0.1 0.1]
swap interval:,10
sim interval:,[      0.  250000.  500000.  750000. 1000000.]
likelihood_sed (T/F):,True
erodep_coords:,[[42 10]
 [39  8]
 [75 51]
 [59 13]
 [40  5]
 [ 6 20]
 [14 66]
 [ 4 40]
 [72 73]
 [46 64]]
sed scaling factor:,50
samples_per_chain:,1000
burnin:,0.25
num params:,114
initial_proposed_vec:,[1.50000000e+00 1.50000000e+00 1.50000000e+00 1.50000000e+00
 5.00000000e-06 5.00000000e-01 1.00000000e+00 5.00000000e-01
 8.00000000e-01 7.92848280e-01 9.92042720e-01 2.40087439e-01
 6.34224355e-02 7.18407827e-01 4.50566421e-02 1.40496202e-01
 1.98340417e-01 9.09806170e-02 3.98809258e-01 3.27003996e-01
 3.44804065e-01 1.89056933e-01 3.10949608e-01 3.53144637e-02
 3.97587940e-02 6.50109448e-02 1.76269246e-01 5.57721027e-03
 1.43374379e-01 3.72244132e-01 1.87859196e-01 2.41714788e-01
 2.07189295e-01 3.19697761e-01 1.04477633e-01 6.76431229e-02
 1.26161362e-01 1.06591032e-01 3.35029119e-01 4.40111421e-02
 3.54114309e-01 7.89470813e-02 3.16523235e-01 1.98558510e-01
 1.15619911e-01 2.49215950e-01 3.41093542e-01 3.51552543e-01
 1.91280561e-02 2.03812014e-01 3.68244559e-01 3.90899918e-01
 1.17243037e-01 2.25647800e-02 1.35688877e-01 2.74629499e-01
 2.97790454e-01 5.70686459e-02 1.94240385e-01 1.68282476e-02
 1.04695552e-01 1.18483479e-01 3.47189965e-01 2.49205172e-03
 2.04823516e-01 1.78091820e-01 2.02997381e-02 3.82100984e-01
 2.22104309e-01 2.09384939e-01 3.93539932e-01 3.83333983e-01
 3.30016409e-01 3.46882837e-01 2.46658904e-01 1.67805457e-01
 3.49117467e-01 3.49497997e-01 1.83353364e-01 9.49762090e-02
 2.94490798e-01 9.57629394e-02 5.82087361e-02 1.70061284e-01
 3.96088538e-01 3.88746530e-01 3.27416951e-01 2.48029886e-01
 2.24103872e-01 3.62411335e-01 3.80566354e-02 2.80189552e-01
 1.71815056e-02 1.03359924e-01 1.41696918e-01 2.36767367e-01
 1.99015215e-01 3.65719148e-01 1.61619736e-01 1.70416641e-01
 9.63425170e-02 1.40222594e-01 2.98435738e-01 2.07323323e-01
 1.85065714e-01 3.91850134e-01 1.01472089e-01 2.08393313e-01
 1.51185600e-01 3.85936269e-01 9.48431938e-03 1.64661143e-01
 2.22318162e-01 3.21992153e-01]
stepsize_vec:,[0.   0.   0.   0.   0.   0.   0.   0.   0.   0.1  0.1  0.1  0.1  0.1
 0.04 0.04 0.04 0.04 0.04 0.04 0.04 0.04 0.04 0.04 0.04 0.04 0.04 0.04
 0.04 0.04 0.04 0.04 0.04 0.04 0.04 0.04 0.04 0.04 0.04 0.04 0.04 0.04
 0.04 0.04 0.04 0.04 0.04 0.04 0.04 0.04 0.04 0.04 0.04 0.04 0.04 0.04
 0.04 0.04 0.04 0.04 0.04 0.04 0.04 0.04 0.04 0.04 0.04 0.04 0.04 0.04
 0.04 0.04 0.04 0.04 0.04 0.04 0.04 0.04 0.04 0.04 0.04 0.04 0.04 0.04
 0.04 0.04 0.04 0.04 0.04 0.04 0.04 0.04 0.04 0.04 0.04 0.04 0.04 0.04
 0.04 0.04 0.04 0.04 0.04 0.04 0.04 0.04 0.04 0.04 0.04 0.04 0.04 0.04
 0.04 0.04]
step_ratio_vec:,[0.1 0.1 0.1 0.1 0.1 0.1 0.1 0.1 0.1 0.1 0.1 0.1 0.1 0.1 0.1 0.1 0.1 0.1
 0.1 0.1 0.1 0.1 0.1 0.1 0.1 0.1 0.1 0.1 0.1 0.1 0.1 0.1 0.1 0.1 0.1 0.1
 0.1 0.1 0.1 0.1 0.1 0.1 0.1 0.1 0.1 0.1 0.1 0.1 0.1 0.1 0.1 0.1 0.1 0.1
 0.1 0.1 0.1 0.1 0.1 0.1 0.1 0.1 0.1 0.1 0.1 0.1 0.1 0.1 0.1 0.1 0.1 0.1
 0.1 0.1 0.1 0.1 0.1 0.1 0.1 0.1 0.1 0.1 0.1 0.1 0.1 0.1 0.1 0.1 0.1 0.1
 0.1 0.1 0.1 0.1 0.1 0.1 0.1 0.1 0.1 0.1 0.1 0.1 0.1 0.1 0.1 0.1 0.1 0.1
 0.1 0.1 0.1 0.1 0.1 0.1]
swap interval:,10
sim interval:,[      0.  250000.  500000.  750000. 1000000.]
likelihood_sed (T/F):,True
erodep_coords:,[[42 10]
 [39  8]
 [75 51]
 [59 13]
 [40  5]
 [ 6 20]
 [14 66]
 [ 4 40]
 [72 73]
 [46 64]]
sed scaling factor:,50
samples_per_chain:,1000
burnin:,0.25
num params:,114
initial_proposed_vec:,[1.50000000e+00 1.50000000e+00 1.50000000e+00 1.50000000e+00
 5.00000000e-06 5.00000000e-01 1.00000000e+00 5.00000000e-01
 8.00000000e-01 7.92848280e-01 9.92042720e-01 2.40087439e-01
 6.34224355e-02 7.18407827e-01 4.50566421e-02 1.40496202e-01
 1.98340417e-01 9.09806170e-02 3.98809258e-01 3.27003996e-01
 3.44804065e-01 1.89056933e-01 3.10949608e-01 3.53144637e-02
 3.97587940e-02 6.50109448e-02 1.76269246e-01 5.57721027e-03
 1.43374379e-01 3.72244132e-01 1.87859196e-01 2.41714788e-01
 2.07189295e-01 3.19697761e-01 1.04477633e-01 6.76431229e-02
 1.26161362e-01 1.06591032e-01 3.35029119e-01 4.40111421e-02
 3.54114309e-01 7.89470813e-02 3.16523235e-01 1.98558510e-01
 1.15619911e-01 2.49215950e-01 3.41093542e-01 3.51552543e-01
 1.91280561e-02 2.03812014e-01 3.68244559e-01 3.90899918e-01
 1.17243037e-01 2.25647800e-02 1.35688877e-01 2.74629499e-01
 2.97790454e-01 5.70686459e-02 1.94240385e-01 1.68282476e-02
 1.04695552e-01 1.18483479e-01 3.47189965e-01 2.49205172e-03
 2.04823516e-01 1.78091820e-01 2.02997381e-02 3.82100984e-01
 2.22104309e-01 2.09384939e-01 3.93539932e-01 3.83333983e-01
 3.30016409e-01 3.46882837e-01 2.46658904e-01 1.67805457e-01
 3.49117467e-01 3.49497997e-01 1.83353364e-01 9.49762090e-02
 2.94490798e-01 9.57629394e-02 5.82087361e-02 1.70061284e-01
 3.96088538e-01 3.88746530e-01 3.27416951e-01 2.48029886e-01
 2.24103872e-01 3.62411335e-01 3.80566354e-02 2.80189552e-01
 1.71815056e-02 1.03359924e-01 1.41696918e-01 2.36767367e-01
 1.99015215e-01 3.65719148e-01 1.61619736e-01 1.70416641e-01
 9.63425170e-02 1.40222594e-01 2.98435738e-01 2.07323323e-01
 1.85065714e-01 3.91850134e-01 1.01472089e-01 2.08393313e-01
 1.51185600e-01 3.85936269e-01 9.48431938e-03 1.64661143e-01
 2.22318162e-01 3.21992153e-01]
stepsize_vec:,[0.   0.   0.   0.   0.   0.   0.   0.   0.   0.1  0.1  0.1  0.1  0.1
 0.04 0.04 0.04 0.04 0.04 0.04 0.04 0.04 0.04 0.04 0.04 0.04 0.04 0.04
 0.04 0.04 0.04 0.04 0.04 0.04 0.04 0.04 0.04 0.04 0.04 0.04 0.04 0.04
 0.04 0.04 0.04 0.04 0.04 0.04 0.04 0.04 0.04 0.04 0.04 0.04 0.04 0.04
 0.04 0.04 0.04 0.04 0.04 0.04 0.04 0.04 0.04 0.04 0.04 0.04 0.04 0.04
 0.04 0.04 0.04 0.04 0.04 0.04 0.04 0.04 0.04 0.04 0.04 0.04 0.04 0.04
 0.04 0.04 0.04 0.04 0.04 0.04 0.04 0.04 0.04 0.04 0.04 0.04 0.04 0.04
 0.04 0.04 0.04 0.04 0.04 0.04 0.04 0.04 0.04 0.04 0.04 0.04 0.04 0.04
 0.04 0.04]
step_ratio_vec:,[0.1 0.1 0.1 0.1 0.1 0.1 0.1 0.1 0.1 0.1 0.1 0.1 0.1 0.1 0.1 0.1 0.1 0.1
 0.1 0.1 0.1 0.1 0.1 0.1 0.1 0.1 0.1 0.1 0.1 0.1 0.1 0.1 0.1 0.1 0.1 0.1
 0.1 0.1 0.1 0.1 0.1 0.1 0.1 0.1 0.1 0.1 0.1 0.1 0.1 0.1 0.1 0.1 0.1 0.1
 0.1 0.1 0.1 0.1 0.1 0.1 0.1 0.1 0.1 0.1 0.1 0.1 0.1 0.1 0.1 0.1 0.1 0.1
 0.1 0.1 0.1 0.1 0.1 0.1 0.1 0.1 0.1 0.1 0.1 0.1 0.1 0.1 0.1 0.1 0.1 0.1
 0.1 0.1 0.1 0.1 0.1 0.1 0.1 0.1 0.1 0.1 0.1 0.1 0.1 0.1 0.1 0.1 0.1 0.1
 0.1 0.1 0.1 0.1 0.1 0.1]
swap interval:,10
sim interval:,[      0.  250000.  500000.  750000. 1000000.]
likelihood_sed (T/F):,True
erodep_coords:,[[42 10]
 [39  8]
 [75 51]
 [59 13]
 [40  5]
 [ 6 20]
 [14 66]
 [ 4 40]
 [72 73]
 [46 64]]
sed scaling factor:,50
samples_per_chain:,1000
burnin:,0.25
num params:,114
initial_proposed_vec:,[1.50000000e+00 1.50000000e+00 1.50000000e+00 1.50000000e+00
 5.00000000e-06 5.00000000e-01 1.00000000e+00 5.00000000e-01
 8.00000000e-01 7.92848280e-01 9.92042720e-01 2.40087439e-01
 6.34224355e-02 7.18407827e-01 4.50566421e-02 1.40496202e-01
 1.98340417e-01 9.09806170e-02 3.98809258e-01 3.27003996e-01
 3.44804065e-01 1.89056933e-01 3.10949608e-01 3.53144637e-02
 3.97587940e-02 6.50109448e-02 1.76269246e-01 5.57721027e-03
 1.43374379e-01 3.72244132e-01 1.87859196e-01 2.41714788e-01
 2.07189295e-01 3.19697761e-01 1.04477633e-01 6.76431229e-02
 1.26161362e-01 1.06591032e-01 3.35029119e-01 4.40111421e-02
 3.54114309e-01 7.89470813e-02 3.16523235e-01 1.98558510e-01
 1.15619911e-01 2.49215950e-01 3.41093542e-01 3.51552543e-01
 1.91280561e-02 2.03812014e-01 3.68244559e-01 3.90899918e-01
 1.17243037e-01 2.25647800e-02 1.35688877e-01 2.74629499e-01
 2.97790454e-01 5.70686459e-02 1.94240385e-01 1.68282476e-02
 1.04695552e-01 1.18483479e-01 3.47189965e-01 2.49205172e-03
 2.04823516e-01 1.78091820e-01 2.02997381e-02 3.82100984e-01
 2.22104309e-01 2.09384939e-01 3.93539932e-01 3.83333983e-01
 3.30016409e-01 3.46882837e-01 2.46658904e-01 1.67805457e-01
 3.49117467e-01 3.49497997e-01 1.83353364e-01 9.49762090e-02
 2.94490798e-01 9.57629394e-02 5.82087361e-02 1.70061284e-01
 3.96088538e-01 3.88746530e-01 3.27416951e-01 2.48029886e-01
 2.24103872e-01 3.62411335e-01 3.80566354e-02 2.80189552e-01
 1.71815056e-02 1.03359924e-01 1.41696918e-01 2.36767367e-01
 1.99015215e-01 3.65719148e-01 1.61619736e-01 1.70416641e-01
 9.63425170e-02 1.40222594e-01 2.98435738e-01 2.07323323e-01
 1.85065714e-01 3.91850134e-01 1.01472089e-01 2.08393313e-01
 1.51185600e-01 3.85936269e-01 9.48431938e-03 1.64661143e-01
 2.22318162e-01 3.21992153e-01]
stepsize_vec:,[0.   0.   0.   0.   0.   0.   0.   0.   0.   0.1  0.1  0.1  0.1  0.1
 0.04 0.04 0.04 0.04 0.04 0.04 0.04 0.04 0.04 0.04 0.04 0.04 0.04 0.04
 0.04 0.04 0.04 0.04 0.04 0.04 0.04 0.04 0.04 0.04 0.04 0.04 0.04 0.04
 0.04 0.04 0.04 0.04 0.04 0.04 0.04 0.04 0.04 0.04 0.04 0.04 0.04 0.04
 0.04 0.04 0.04 0.04 0.04 0.04 0.04 0.04 0.04 0.04 0.04 0.04 0.04 0.04
 0.04 0.04 0.04 0.04 0.04 0.04 0.04 0.04 0.04 0.04 0.04 0.04 0.04 0.04
 0.04 0.04 0.04 0.04 0.04 0.04 0.04 0.04 0.04 0.04 0.04 0.04 0.04 0.04
 0.04 0.04 0.04 0.04 0.04 0.04 0.04 0.04 0.04 0.04 0.04 0.04 0.04 0.04
 0.04 0.04]
step_ratio_vec:,[0.1 0.1 0.1 0.1 0.1 0.1 0.1 0.1 0.1 0.1 0.1 0.1 0.1 0.1 0.1 0.1 0.1 0.1
 0.1 0.1 0.1 0.1 0.1 0.1 0.1 0.1 0.1 0.1 0.1 0.1 0.1 0.1 0.1 0.1 0.1 0.1
 0.1 0.1 0.1 0.1 0.1 0.1 0.1 0.1 0.1 0.1 0.1 0.1 0.1 0.1 0.1 0.1 0.1 0.1
 0.1 0.1 0.1 0.1 0.1 0.1 0.1 0.1 0.1 0.1 0.1 0.1 0.1 0.1 0.1 0.1 0.1 0.1
 0.1 0.1 0.1 0.1 0.1 0.1 0.1 0.1 0.1 0.1 0.1 0.1 0.1 0.1 0.1 0.1 0.1 0.1
 0.1 0.1 0.1 0.1 0.1 0.1 0.1 0.1 0.1 0.1 0.1 0.1 0.1 0.1 0.1 0.1 0.1 0.1
 0.1 0.1 0.1 0.1 0.1 0.1]
swap interval:,10
sim interval:,[      0.  250000.  500000.  750000. 1000000.]
likelihood_sed (T/F):,True
erodep_coords:,[[42 10]
 [39  8]
 [75 51]
 [59 13]
 [40  5]
 [ 6 20]
 [14 66]
 [ 4 40]
 [72 73]
 [46 64]]
sed scaling factor:,50