
samples_per_chain:,1000
burnin:,0.25
num params:,114
initial_proposed_vec:,[1.50000000e+00 1.50000000e+00 1.50000000e+00 1.50000000e+00
 5.00000000e-06 5.00000000e-01 1.00000000e+00 5.00000000e-01
 8.00000000e-01 7.61472899e-01 2.05323036e-01 2.78419876e-01
 5.01424837e-01 3.86425675e-01 1.32282056e-02 5.37749779e-01
 3.96210626e-01 2.06302440e-01 4.62745999e-01 3.22501636e-01
 3.03284754e-02 2.62012526e-01 2.29998223e-01 3.53592411e-02
 3.10625685e-01 3.11534034e-01 5.48903719e-01 1.51758505e-01
 1.33541912e-01 2.61374066e-01 4.72199200e-01 5.05447925e-01
 4.10581801e-01 1.31401882e-01 5.78615012e-01 1.51340749e-01
 2.38911261e-01 4.64862467e-01 2.56567196e-01 5.43066922e-01
 9.13273850e-02 2.28046640e-01 2.49170571e-01 3.16796438e-01
 4.82468309e-01 3.63226119e-01 4.70028657e-01 4.97142179e-01
 5.76519573e-01 1.06693532e-01 2.21659009e-01 1.35383194e-01
 3.71362904e-01 3.98222824e-01 3.67425389e-01 5.76237756e-01
 9.08430735e-02 6.45336500e-02 1.74166011e-01 1.21853007e-01
 3.11592827e-01 5.38768162e-01 5.08751405e-02 1.37654365e-01
 3.76896057e-01 3.29580120e-01 4.04561375e-01 7.98735238e-02
 2.41934519e-01 2.15915730e-01 9.35343804e-02 2.39930310e-02
 5.37788156e-01 2.67020389e-01 1.22423994e-01 1.94154616e-01
 5.85697834e-01 2.14200347e-01 1.58293156e-01 4.93576940e-01
 3.21230894e-01 2.67471146e-01 1.91267430e-01 5.49569329e-01
 4.69782450e-01 2.17181720e-01 2.40434740e-01 5.61352150e-01
 3.82277747e-01 3.18060067e-01 1.88091910e-01 3.29547414e-01
 3.39160475e-02 1.08409524e-01 8.31934537e-03 3.11862071e-01
 1.18092769e-01 5.34255343e-01 3.51240131e-01 3.56603174e-02
 5.41906038e-03 1.42180175e-01 2.85333562e-01 2.53096887e-02
 6.20354500e-02 4.46264441e-01 5.86702304e-01 4.21959991e-02
 2.84352885e-01 9.91510439e-02 3.49606084e-01 5.07752517e-01
 1.37809435e-01 5.66975900e-01]
stepsize_vec:,[0.   0.   0.   0.   0.   0.   0.   0.   0.   0.1  0.1  0.1  0.1  0.1
 0.06 0.06 0.06 0.06 0.06 0.06 0.06 0.06 0.06 0.06 0.06 0.06 0.06 0.06
 0.06 0.06 0.06 0.06 0.06 0.06 0.06 0.06 0.06 0.06 0.06 0.06 0.06 0.06
 0.06 0.06 0.06 0.06 0.06 0.06 0.06 0.06 0.06 0.06 0.06 0.06 0.06 0.06
 0.06 0.06 0.06 0.06 0.06 0.06 0.06 0.06 0.06 0.06 0.06 0.06 0.06 0.06
 0.06 0.06 0.06 0.06 0.06 0.06 0.06 0.06 0.06 0.06 0.06 0.06 0.06 0.06
 0.06 0.06 0.06 0.06 0.06 0.06 0.06 0.06 0.06 0.06 0.06 0.06 0.06 0.06
 0.06 0.06 0.06 0.06 0.06 0.06 0.06 0.06 0.06 0.06 0.06 0.06 0.06 0.06
 0.06 0.06]
step_ratio_vec:,[0.1 0.1 0.1 0.1 0.1 0.1 0.1 0.1 0.1 0.1 0.1 0.1 0.1 0.1 0.1 0.1 0.1 0.1
 0.1 0.1 0.1 0.1 0.1 0.1 0.1 0.1 0.1 0.1 0.1 0.1 0.1 0.1 0.1 0.1 0.1 0.1
 0.1 0.1 0.1 0.1 0.1 0.1 0.1 0.1 0.1 0.1 0.1 0.1 0.1 0.1 0.1 0.1 0.1 0.1
 0.1 0.1 0.1 0.1 0.1 0.1 0.1 0.1 0.1 0.1 0.1 0.1 0.1 0.1 0.1 0.1 0.1 0.1
 0.1 0.1 0.1 0.1 0.1 0.1 0.1 0.1 0.1 0.1 0.1 0.1 0.1 0.1 0.1 0.1 0.1 0.1
 0.1 0.1 0.1 0.1 0.1 0.1 0.1 0.1 0.1 0.1 0.1 0.1 0.1 0.1 0.1 0.1 0.1 0.1
 0.1 0.1 0.1 0.1 0.1 0.1]
swap interval:,10
sim interval:,[      0.  250000.  500000.  750000. 1000000.]
likelihood_sed (T/F):,True
erodep_coords:,[[42 10]
 [39  8]
 [75 51]
 [59 13]
 [40  5]
 [ 6 20]
 [14 66]
 [ 4 40]
 [72 73]
 [46 64]]
sed scaling factor:,50
samples_per_chain:,1000
burnin:,0.25
num params:,114
initial_proposed_vec:,[1.50000000e+00 1.50000000e+00 1.50000000e+00 1.50000000e+00
 5.00000000e-06 5.00000000e-01 1.00000000e+00 5.00000000e-01
 8.00000000e-01 7.61472899e-01 2.05323036e-01 2.78419876e-01
 5.01424837e-01 3.86425675e-01 1.32282056e-02 5.37749779e-01
 3.96210626e-01 2.06302440e-01 4.62745999e-01 3.22501636e-01
 3.03284754e-02 2.62012526e-01 2.29998223e-01 3.53592411e-02
 3.10625685e-01 3.11534034e-01 5.48903719e-01 1.51758505e-01
 1.33541912e-01 2.61374066e-01 4.72199200e-01 5.05447925e-01
 4.10581801e-01 1.31401882e-01 5.78615012e-01 1.51340749e-01
 2.38911261e-01 4.64862467e-01 2.56567196e-01 5.43066922e-01
 9.13273850e-02 2.28046640e-01 2.49170571e-01 3.16796438e-01
 4.82468309e-01 3.63226119e-01 4.70028657e-01 4.97142179e-01
 5.76519573e-01 1.06693532e-01 2.21659009e-01 1.35383194e-01
 3.71362904e-01 3.98222824e-01 3.67425389e-01 5.76237756e-01
 9.08430735e-02 6.45336500e-02 1.74166011e-01 1.21853007e-01
 3.11592827e-01 5.38768162e-01 5.08751405e-02 1.37654365e-01
 3.76896057e-01 3.29580120e-01 4.04561375e-01 7.98735238e-02
 2.41934519e-01 2.15915730e-01 9.35343804e-02 2.39930310e-02
 5.37788156e-01 2.67020389e-01 1.22423994e-01 1.94154616e-01
 5.85697834e-01 2.14200347e-01 1.58293156e-01 4.93576940e-01
 3.21230894e-01 2.67471146e-01 1.91267430e-01 5.49569329e-01
 4.69782450e-01 2.17181720e-01 2.40434740e-01 5.61352150e-01
 3.82277747e-01 3.18060067e-01 1.88091910e-01 3.29547414e-01
 3.39160475e-02 1.08409524e-01 8.31934537e-03 3.11862071e-01
 1.18092769e-01 5.34255343e-01 3.51240131e-01 3.56603174e-02
 5.41906038e-03 1.42180175e-01 2.85333562e-01 2.53096887e-02
 6.20354500e-02 4.46264441e-01 5.86702304e-01 4.21959991e-02
 2.84352885e-01 9.91510439e-02 3.49606084e-01 5.07752517e-01
 1.37809435e-01 5.66975900e-01]
stepsize_vec:,[0.   0.   0.   0.   0.   0.   0.   0.   0.   0.1  0.1  0.1  0.1  0.1
 0.06 0.06 0.06 0.06 0.06 0.06 0.06 0.06 0.06 0.06 0.06 0.06 0.06 0.06
 0.06 0.06 0.06 0.06 0.06 0.06 0.06 0.06 0.06 0.06 0.06 0.06 0.06 0.06
 0.06 0.06 0.06 0.06 0.06 0.06 0.06 0.06 0.06 0.06 0.06 0.06 0.06 0.06
 0.06 0.06 0.06 0.06 0.06 0.06 0.06 0.06 0.06 0.06 0.06 0.06 0.06 0.06
 0.06 0.06 0.06 0.06 0.06 0.06 0.06 0.06 0.06 0.06 0.06 0.06 0.06 0.06
 0.06 0.06 0.06 0.06 0.06 0.06 0.06 0.06 0.06 0.06 0.06 0.06 0.06 0.06
 0.06 0.06 0.06 0.06 0.06 0.06 0.06 0.06 0.06 0.06 0.06 0.06 0.06 0.06
 0.06 0.06]
step_ratio_vec:,[0.1 0.1 0.1 0.1 0.1 0.1 0.1 0.1 0.1 0.1 0.1 0.1 0.1 0.1 0.1 0.1 0.1 0.1
 0.1 0.1 0.1 0.1 0.1 0.1 0.1 0.1 0.1 0.1 0.1 0.1 0.1 0.1 0.1 0.1 0.1 0.1
 0.1 0.1 0.1 0.1 0.1 0.1 0.1 0.1 0.1 0.1 0.1 0.1 0.1 0.1 0.1 0.1 0.1 0.1
 0.1 0.1 0.1 0.1 0.1 0.1 0.1 0.1 0.1 0.1 0.1 0.1 0.1 0.1 0.1 0.1 0.1 0.1
 0.1 0.1 0.1 0.1 0.1 0.1 0.1 0.1 0.1 0.1 0.1 0.1 0.1 0.1 0.1 0.1 0.1 0.1
 0.1 0.1 0.1 0.1 0.1 0.1 0.1 0.1 0.1 0.1 0.1 0.1 0.1 0.1 0.1 0.1 0.1 0.1
 0.1 0.1 0.1 0.1 0.1 0.1]
swap interval:,10
sim interval:,[      0.  250000.  500000.  750000. 1000000.]
likelihood_sed (T/F):,True
erodep_coords:,[[42 10]
 [39  8]
 [75 51]
 [59 13]
 [40  5]
 [ 6 20]
 [14 66]
 [ 4 40]
 [72 73]
 [46 64]]
sed scaling factor:,50
samples_per_chain:,1000
burnin:,0.25
num params:,114
initial_proposed_vec:,[1.50000000e+00 1.50000000e+00 1.50000000e+00 1.50000000e+00
 5.00000000e-06 5.00000000e-01 1.00000000e+00 5.00000000e-01
 8.00000000e-01 7.61472899e-01 2.05323036e-01 2.78419876e-01
 5.01424837e-01 3.86425675e-01 1.32282056e-02 5.37749779e-01
 3.96210626e-01 2.06302440e-01 4.62745999e-01 3.22501636e-01
 3.03284754e-02 2.62012526e-01 2.29998223e-01 3.53592411e-02
 3.10625685e-01 3.11534034e-01 5.48903719e-01 1.51758505e-01
 1.33541912e-01 2.61374066e-01 4.72199200e-01 5.05447925e-01
 4.10581801e-01 1.31401882e-01 5.78615012e-01 1.51340749e-01
 2.38911261e-01 4.64862467e-01 2.56567196e-01 5.43066922e-01
 9.13273850e-02 2.28046640e-01 2.49170571e-01 3.16796438e-01
 4.82468309e-01 3.63226119e-01 4.70028657e-01 4.97142179e-01
 5.76519573e-01 1.06693532e-01 2.21659009e-01 1.35383194e-01
 3.71362904e-01 3.98222824e-01 3.67425389e-01 5.76237756e-01
 9.08430735e-02 6.45336500e-02 1.74166011e-01 1.21853007e-01
 3.11592827e-01 5.38768162e-01 5.08751405e-02 1.37654365e-01
 3.76896057e-01 3.29580120e-01 4.04561375e-01 7.98735238e-02
 2.41934519e-01 2.15915730e-01 9.35343804e-02 2.39930310e-02
 5.37788156e-01 2.67020389e-01 1.22423994e-01 1.94154616e-01
 5.85697834e-01 2.14200347e-01 1.58293156e-01 4.93576940e-01
 3.21230894e-01 2.67471146e-01 1.91267430e-01 5.49569329e-01
 4.69782450e-01 2.17181720e-01 2.40434740e-01 5.61352150e-01
 3.82277747e-01 3.18060067e-01 1.88091910e-01 3.29547414e-01
 3.39160475e-02 1.08409524e-01 8.31934537e-03 3.11862071e-01
 1.18092769e-01 5.34255343e-01 3.51240131e-01 3.56603174e-02
 5.41906038e-03 1.42180175e-01 2.85333562e-01 2.53096887e-02
 6.20354500e-02 4.46264441e-01 5.86702304e-01 4.21959991e-02
 2.84352885e-01 9.91510439e-02 3.49606084e-01 5.07752517e-01
 1.37809435e-01 5.66975900e-01]
stepsize_vec:,[0.   0.   0.   0.   0.   0.   0.   0.   0.   0.1  0.1  0.1  0.1  0.1
 0.06 0.06 0.06 0.06 0.06 0.06 0.06 0.06 0.06 0.06 0.06 0.06 0.06 0.06
 0.06 0.06 0.06 0.06 0.06 0.06 0.06 0.06 0.06 0.06 0.06 0.06 0.06 0.06
 0.06 0.06 0.06 0.06 0.06 0.06 0.06 0.06 0.06 0.06 0.06 0.06 0.06 0.06
 0.06 0.06 0.06 0.06 0.06 0.06 0.06 0.06 0.06 0.06 0.06 0.06 0.06 0.06
 0.06 0.06 0.06 0.06 0.06 0.06 0.06 0.06 0.06 0.06 0.06 0.06 0.06 0.06
 0.06 0.06 0.06 0.06 0.06 0.06 0.06 0.06 0.06 0.06 0.06 0.06 0.06 0.06
 0.06 0.06 0.06 0.06 0.06 0.06 0.06 0.06 0.06 0.06 0.06 0.06 0.06 0.06
 0.06 0.06]
step_ratio_vec:,[0.1 0.1 0.1 0.1 0.1 0.1 0.1 0.1 0.1 0.1 0.1 0.1 0.1 0.1 0.1 0.1 0.1 0.1
 0.1 0.1 0.1 0.1 0.1 0.1 0.1 0.1 0.1 0.1 0.1 0.1 0.1 0.1 0.1 0.1 0.1 0.1
 0.1 0.1 0.1 0.1 0.1 0.1 0.1 0.1 0.1 0.1 0.1 0.1 0.1 0.1 0.1 0.1 0.1 0.1
 0.1 0.1 0.1 0.1 0.1 0.1 0.1 0.1 0.1 0.1 0.1 0.1 0.1 0.1 0.1 0.1 0.1 0.1
 0.1 0.1 0.1 0.1 0.1 0.1 0.1 0.1 0.1 0.1 0.1 0.1 0.1 0.1 0.1 0.1 0.1 0.1
 0.1 0.1 0.1 0.1 0.1 0.1 0.1 0.1 0.1 0.1 0.1 0.1 0.1 0.1 0.1 0.1 0.1 0.1
 0.1 0.1 0.1 0.1 0.1 0.1]
swap interval:,10
sim interval:,[      0.  250000.  500000.  750000. 1000000.]
likelihood_sed (T/F):,True
erodep_coords:,[[42 10]
 [39  8]
 [75 51]
 [59 13]
 [40  5]
 [ 6 20]
 [14 66]
 [ 4 40]
 [72 73]
 [46 64]]
sed scaling factor:,50
samples_per_chain:,1000
burnin:,0.25
num params:,114
initial_proposed_vec:,[1.50000000e+00 1.50000000e+00 1.50000000e+00 1.50000000e+00
 5.00000000e-06 5.00000000e-01 1.00000000e+00 5.00000000e-01
 8.00000000e-01 7.61472899e-01 2.05323036e-01 2.78419876e-01
 5.01424837e-01 3.86425675e-01 1.32282056e-02 5.37749779e-01
 3.96210626e-01 2.06302440e-01 4.62745999e-01 3.22501636e-01
 3.03284754e-02 2.62012526e-01 2.29998223e-01 3.53592411e-02
 3.10625685e-01 3.11534034e-01 5.48903719e-01 1.51758505e-01
 1.33541912e-01 2.61374066e-01 4.72199200e-01 5.05447925e-01
 4.10581801e-01 1.31401882e-01 5.78615012e-01 1.51340749e-01
 2.38911261e-01 4.64862467e-01 2.56567196e-01 5.43066922e-01
 9.13273850e-02 2.28046640e-01 2.49170571e-01 3.16796438e-01
 4.82468309e-01 3.63226119e-01 4.70028657e-01 4.97142179e-01
 5.76519573e-01 1.06693532e-01 2.21659009e-01 1.35383194e-01
 3.71362904e-01 3.98222824e-01 3.67425389e-01 5.76237756e-01
 9.08430735e-02 6.45336500e-02 1.74166011e-01 1.21853007e-01
 3.11592827e-01 5.38768162e-01 5.08751405e-02 1.37654365e-01
 3.76896057e-01 3.29580120e-01 4.04561375e-01 7.98735238e-02
 2.41934519e-01 2.15915730e-01 9.35343804e-02 2.39930310e-02
 5.37788156e-01 2.67020389e-01 1.22423994e-01 1.94154616e-01
 5.85697834e-01 2.14200347e-01 1.58293156e-01 4.93576940e-01
 3.21230894e-01 2.67471146e-01 1.91267430e-01 5.49569329e-01
 4.69782450e-01 2.17181720e-01 2.40434740e-01 5.61352150e-01
 3.82277747e-01 3.18060067e-01 1.88091910e-01 3.29547414e-01
 3.39160475e-02 1.08409524e-01 8.31934537e-03 3.11862071e-01
 1.18092769e-01 5.34255343e-01 3.51240131e-01 3.56603174e-02
 5.41906038e-03 1.42180175e-01 2.85333562e-01 2.53096887e-02
 6.20354500e-02 4.46264441e-01 5.86702304e-01 4.21959991e-02
 2.84352885e-01 9.91510439e-02 3.49606084e-01 5.07752517e-01
 1.37809435e-01 5.66975900e-01]
stepsize_vec:,[0.   0.   0.   0.   0.   0.   0.   0.   0.   0.1  0.1  0.1  0.1  0.1
 0.06 0.06 0.06 0.06 0.06 0.06 0.06 0.06 0.06 0.06 0.06 0.06 0.06 0.06
 0.06 0.06 0.06 0.06 0.06 0.06 0.06 0.06 0.06 0.06 0.06 0.06 0.06 0.06
 0.06 0.06 0.06 0.06 0.06 0.06 0.06 0.06 0.06 0.06 0.06 0.06 0.06 0.06
 0.06 0.06 0.06 0.06 0.06 0.06 0.06 0.06 0.06 0.06 0.06 0.06 0.06 0.06
 0.06 0.06 0.06 0.06 0.06 0.06 0.06 0.06 0.06 0.06 0.06 0.06 0.06 0.06
 0.06 0.06 0.06 0.06 0.06 0.06 0.06 0.06 0.06 0.06 0.06 0.06 0.06 0.06
 0.06 0.06 0.06 0.06 0.06 0.06 0.06 0.06 0.06 0.06 0.06 0.06 0.06 0.06
 0.06 0.06]
step_ratio_vec:,[0.1 0.1 0.1 0.1 0.1 0.1 0.1 0.1 0.1 0.1 0.1 0.1 0.1 0.1 0.1 0.1 0.1 0.1
 0.1 0.1 0.1 0.1 0.1 0.1 0.1 0.1 0.1 0.1 0.1 0.1 0.1 0.1 0.1 0.1 0.1 0.1
 0.1 0.1 0.1 0.1 0.1 0.1 0.1 0.1 0.1 0.1 0.1 0.1 0.1 0.1 0.1 0.1 0.1 0.1
 0.1 0.1 0.1 0.1 0.1 0.1 0.1 0.1 0.1 0.1 0.1 0.1 0.1 0.1 0.1 0.1 0.1 0.1
 0.1 0.1 0.1 0.1 0.1 0.1 0.1 0.1 0.1 0.1 0.1 0.1 0.1 0.1 0.1 0.1 0.1 0.1
 0.1 0.1 0.1 0.1 0.1 0.1 0.1 0.1 0.1 0.1 0.1 0.1 0.1 0.1 0.1 0.1 0.1 0.1
 0.1 0.1 0.1 0.1 0.1 0.1]
swap interval:,10
sim interval:,[      0.  250000.  500000.  750000. 1000000.]
likelihood_sed (T/F):,True
erodep_coords:,[[42 10]
 [39  8]
 [75 51]
 [59 13]
 [40  5]
 [ 6 20]
 [14 66]
 [ 4 40]
 [72 73]
 [46 64]]
sed scaling factor:,50
samples_per_chain:,1000
burnin:,0.25
num params:,114
initial_proposed_vec:,[1.50000000e+00 1.50000000e+00 1.50000000e+00 1.50000000e+00
 5.00000000e-06 5.00000000e-01 1.00000000e+00 5.00000000e-01
 8.00000000e-01 7.61472899e-01 2.05323036e-01 2.78419876e-01
 5.01424837e-01 3.86425675e-01 1.32282056e-02 5.37749779e-01
 3.96210626e-01 2.06302440e-01 4.62745999e-01 3.22501636e-01
 3.03284754e-02 2.62012526e-01 2.29998223e-01 3.53592411e-02
 3.10625685e-01 3.11534034e-01 5.48903719e-01 1.51758505e-01
 1.33541912e-01 2.61374066e-01 4.72199200e-01 5.05447925e-01
 4.10581801e-01 1.31401882e-01 5.78615012e-01 1.51340749e-01
 2.38911261e-01 4.64862467e-01 2.56567196e-01 5.43066922e-01
 9.13273850e-02 2.28046640e-01 2.49170571e-01 3.16796438e-01
 4.82468309e-01 3.63226119e-01 4.70028657e-01 4.97142179e-01
 5.76519573e-01 1.06693532e-01 2.21659009e-01 1.35383194e-01
 3.71362904e-01 3.98222824e-01 3.67425389e-01 5.76237756e-01
 9.08430735e-02 6.45336500e-02 1.74166011e-01 1.21853007e-01
 3.11592827e-01 5.38768162e-01 5.08751405e-02 1.37654365e-01
 3.76896057e-01 3.29580120e-01 4.04561375e-01 7.98735238e-02
 2.41934519e-01 2.15915730e-01 9.35343804e-02 2.39930310e-02
 5.37788156e-01 2.67020389e-01 1.22423994e-01 1.94154616e-01
 5.85697834e-01 2.14200347e-01 1.58293156e-01 4.93576940e-01
 3.21230894e-01 2.67471146e-01 1.91267430e-01 5.49569329e-01
 4.69782450e-01 2.17181720e-01 2.40434740e-01 5.61352150e-01
 3.82277747e-01 3.18060067e-01 1.88091910e-01 3.29547414e-01
 3.39160475e-02 1.08409524e-01 8.31934537e-03 3.11862071e-01
 1.18092769e-01 5.34255343e-01 3.51240131e-01 3.56603174e-02
 5.41906038e-03 1.42180175e-01 2.85333562e-01 2.53096887e-02
 6.20354500e-02 4.46264441e-01 5.86702304e-01 4.21959991e-02
 2.84352885e-01 9.91510439e-02 3.49606084e-01 5.07752517e-01
 1.37809435e-01 5.66975900e-01]
stepsize_vec:,[0.   0.   0.   0.   0.   0.   0.   0.   0.   0.1  0.1  0.1  0.1  0.1
 0.06 0.06 0.06 0.06 0.06 0.06 0.06 0.06 0.06 0.06 0.06 0.06 0.06 0.06
 0.06 0.06 0.06 0.06 0.06 0.06 0.06 0.06 0.06 0.06 0.06 0.06 0.06 0.06
 0.06 0.06 0.06 0.06 0.06 0.06 0.06 0.06 0.06 0.06 0.06 0.06 0.06 0.06
 0.06 0.06 0.06 0.06 0.06 0.06 0.06 0.06 0.06 0.06 0.06 0.06 0.06 0.06
 0.06 0.06 0.06 0.06 0.06 0.06 0.06 0.06 0.06 0.06 0.06 0.06 0.06 0.06
 0.06 0.06 0.06 0.06 0.06 0.06 0.06 0.06 0.06 0.06 0.06 0.06 0.06 0.06
 0.06 0.06 0.06 0.06 0.06 0.06 0.06 0.06 0.06 0.06 0.06 0.06 0.06 0.06
 0.06 0.06]
step_ratio_vec:,[0.1 0.1 0.1 0.1 0.1 0.1 0.1 0.1 0.1 0.1 0.1 0.1 0.1 0.1 0.1 0.1 0.1 0.1
 0.1 0.1 0.1 0.1 0.1 0.1 0.1 0.1 0.1 0.1 0.1 0.1 0.1 0.1 0.1 0.1 0.1 0.1
 0.1 0.1 0.1 0.1 0.1 0.1 0.1 0.1 0.1 0.1 0.1 0.1 0.1 0.1 0.1 0.1 0.1 0.1
 0.1 0.1 0.1 0.1 0.1 0.1 0.1 0.1 0.1 0.1 0.1 0.1 0.1 0.1 0.1 0.1 0.1 0.1
 0.1 0.1 0.1 0.1 0.1 0.1 0.1 0.1 0.1 0.1 0.1 0.1 0.1 0.1 0.1 0.1 0.1 0.1
 0.1 0.1 0.1 0.1 0.1 0.1 0.1 0.1 0.1 0.1 0.1 0.1 0.1 0.1 0.1 0.1 0.1 0.1
 0.1 0.1 0.1 0.1 0.1 0.1]
swap interval:,10
sim interval:,[      0.  250000.  500000.  750000. 1000000.]
likelihood_sed (T/F):,True
erodep_coords:,[[42 10]
 [39  8]
 [75 51]
 [59 13]
 [40  5]
 [ 6 20]
 [14 66]
 [ 4 40]
 [72 73]
 [46 64]]
sed scaling factor:,50
samples_per_chain:,1000
burnin:,0.25
num params:,114
initial_proposed_vec:,[1.50000000e+00 1.50000000e+00 1.50000000e+00 1.50000000e+00
 5.00000000e-06 5.00000000e-01 1.00000000e+00 5.00000000e-01
 8.00000000e-01 7.61472899e-01 2.05323036e-01 2.78419876e-01
 5.01424837e-01 3.86425675e-01 1.32282056e-02 5.37749779e-01
 3.96210626e-01 2.06302440e-01 4.62745999e-01 3.22501636e-01
 3.03284754e-02 2.62012526e-01 2.29998223e-01 3.53592411e-02
 3.10625685e-01 3.11534034e-01 5.48903719e-01 1.51758505e-01
 1.33541912e-01 2.61374066e-01 4.72199200e-01 5.05447925e-01
 4.10581801e-01 1.31401882e-01 5.78615012e-01 1.51340749e-01
 2.38911261e-01 4.64862467e-01 2.56567196e-01 5.43066922e-01
 9.13273850e-02 2.28046640e-01 2.49170571e-01 3.16796438e-01
 4.82468309e-01 3.63226119e-01 4.70028657e-01 4.97142179e-01
 5.76519573e-01 1.06693532e-01 2.21659009e-01 1.35383194e-01
 3.71362904e-01 3.98222824e-01 3.67425389e-01 5.76237756e-01
 9.08430735e-02 6.45336500e-02 1.74166011e-01 1.21853007e-01
 3.11592827e-01 5.38768162e-01 5.08751405e-02 1.37654365e-01
 3.76896057e-01 3.29580120e-01 4.04561375e-01 7.98735238e-02
 2.41934519e-01 2.15915730e-01 9.35343804e-02 2.39930310e-02
 5.37788156e-01 2.67020389e-01 1.22423994e-01 1.94154616e-01
 5.85697834e-01 2.14200347e-01 1.58293156e-01 4.93576940e-01
 3.21230894e-01 2.67471146e-01 1.91267430e-01 5.49569329e-01
 4.69782450e-01 2.17181720e-01 2.40434740e-01 5.61352150e-01
 3.82277747e-01 3.18060067e-01 1.88091910e-01 3.29547414e-01
 3.39160475e-02 1.08409524e-01 8.31934537e-03 3.11862071e-01
 1.18092769e-01 5.34255343e-01 3.51240131e-01 3.56603174e-02
 5.41906038e-03 1.42180175e-01 2.85333562e-01 2.53096887e-02
 6.20354500e-02 4.46264441e-01 5.86702304e-01 4.21959991e-02
 2.84352885e-01 9.91510439e-02 3.49606084e-01 5.07752517e-01
 1.37809435e-01 5.66975900e-01]
stepsize_vec:,[0.   0.   0.   0.   0.   0.   0.   0.   0.   0.1  0.1  0.1  0.1  0.1
 0.06 0.06 0.06 0.06 0.06 0.06 0.06 0.06 0.06 0.06 0.06 0.06 0.06 0.06
 0.06 0.06 0.06 0.06 0.06 0.06 0.06 0.06 0.06 0.06 0.06 0.06 0.06 0.06
 0.06 0.06 0.06 0.06 0.06 0.06 0.06 0.06 0.06 0.06 0.06 0.06 0.06 0.06
 0.06 0.06 0.06 0.06 0.06 0.06 0.06 0.06 0.06 0.06 0.06 0.06 0.06 0.06
 0.06 0.06 0.06 0.06 0.06 0.06 0.06 0.06 0.06 0.06 0.06 0.06 0.06 0.06
 0.06 0.06 0.06 0.06 0.06 0.06 0.06 0.06 0.06 0.06 0.06 0.06 0.06 0.06
 0.06 0.06 0.06 0.06 0.06 0.06 0.06 0.06 0.06 0.06 0.06 0.06 0.06 0.06
 0.06 0.06]
step_ratio_vec:,[0.1 0.1 0.1 0.1 0.1 0.1 0.1 0.1 0.1 0.1 0.1 0.1 0.1 0.1 0.1 0.1 0.1 0.1
 0.1 0.1 0.1 0.1 0.1 0.1 0.1 0.1 0.1 0.1 0.1 0.1 0.1 0.1 0.1 0.1 0.1 0.1
 0.1 0.1 0.1 0.1 0.1 0.1 0.1 0.1 0.1 0.1 0.1 0.1 0.1 0.1 0.1 0.1 0.1 0.1
 0.1 0.1 0.1 0.1 0.1 0.1 0.1 0.1 0.1 0.1 0.1 0.1 0.1 0.1 0.1 0.1 0.1 0.1
 0.1 0.1 0.1 0.1 0.1 0.1 0.1 0.1 0.1 0.1 0.1 0.1 0.1 0.1 0.1 0.1 0.1 0.1
 0.1 0.1 0.1 0.1 0.1 0.1 0.1 0.1 0.1 0.1 0.1 0.1 0.1 0.1 0.1 0.1 0.1 0.1
 0.1 0.1 0.1 0.1 0.1 0.1]
swap interval:,10
sim interval:,[      0.  250000.  500000.  750000. 1000000.]
likelihood_sed (T/F):,True
erodep_coords:,[[42 10]
 [39  8]
 [75 51]
 [59 13]
 [40  5]
 [ 6 20]
 [14 66]
 [ 4 40]
 [72 73]
 [46 64]]
sed scaling factor:,50
samples_per_chain:,1000
burnin:,0.25
num params:,114
initial_proposed_vec:,[1.50000000e+00 1.50000000e+00 1.50000000e+00 1.50000000e+00
 5.00000000e-06 5.00000000e-01 1.00000000e+00 5.00000000e-01
 8.00000000e-01 7.61472899e-01 2.05323036e-01 2.78419876e-01
 5.01424837e-01 3.86425675e-01 1.32282056e-02 5.37749779e-01
 3.96210626e-01 2.06302440e-01 4.62745999e-01 3.22501636e-01
 3.03284754e-02 2.62012526e-01 2.29998223e-01 3.53592411e-02
 3.10625685e-01 3.11534034e-01 5.48903719e-01 1.51758505e-01
 1.33541912e-01 2.61374066e-01 4.72199200e-01 5.05447925e-01
 4.10581801e-01 1.31401882e-01 5.78615012e-01 1.51340749e-01
 2.38911261e-01 4.64862467e-01 2.56567196e-01 5.43066922e-01
 9.13273850e-02 2.28046640e-01 2.49170571e-01 3.16796438e-01
 4.82468309e-01 3.63226119e-01 4.70028657e-01 4.97142179e-01
 5.76519573e-01 1.06693532e-01 2.21659009e-01 1.35383194e-01
 3.71362904e-01 3.98222824e-01 3.67425389e-01 5.76237756e-01
 9.08430735e-02 6.45336500e-02 1.74166011e-01 1.21853007e-01
 3.11592827e-01 5.38768162e-01 5.08751405e-02 1.37654365e-01
 3.76896057e-01 3.29580120e-01 4.04561375e-01 7.98735238e-02
 2.41934519e-01 2.15915730e-01 9.35343804e-02 2.39930310e-02
 5.37788156e-01 2.67020389e-01 1.22423994e-01 1.94154616e-01
 5.85697834e-01 2.14200347e-01 1.58293156e-01 4.93576940e-01
 3.21230894e-01 2.67471146e-01 1.91267430e-01 5.49569329e-01
 4.69782450e-01 2.17181720e-01 2.40434740e-01 5.61352150e-01
 3.82277747e-01 3.18060067e-01 1.88091910e-01 3.29547414e-01
 3.39160475e-02 1.08409524e-01 8.31934537e-03 3.11862071e-01
 1.18092769e-01 5.34255343e-01 3.51240131e-01 3.56603174e-02
 5.41906038e-03 1.42180175e-01 2.85333562e-01 2.53096887e-02
 6.20354500e-02 4.46264441e-01 5.86702304e-01 4.21959991e-02
 2.84352885e-01 9.91510439e-02 3.49606084e-01 5.07752517e-01
 1.37809435e-01 5.66975900e-01]
stepsize_vec:,[0.   0.   0.   0.   0.   0.   0.   0.   0.   0.1  0.1  0.1  0.1  0.1
 0.06 0.06 0.06 0.06 0.06 0.06 0.06 0.06 0.06 0.06 0.06 0.06 0.06 0.06
 0.06 0.06 0.06 0.06 0.06 0.06 0.06 0.06 0.06 0.06 0.06 0.06 0.06 0.06
 0.06 0.06 0.06 0.06 0.06 0.06 0.06 0.06 0.06 0.06 0.06 0.06 0.06 0.06
 0.06 0.06 0.06 0.06 0.06 0.06 0.06 0.06 0.06 0.06 0.06 0.06 0.06 0.06
 0.06 0.06 0.06 0.06 0.06 0.06 0.06 0.06 0.06 0.06 0.06 0.06 0.06 0.06
 0.06 0.06 0.06 0.06 0.06 0.06 0.06 0.06 0.06 0.06 0.06 0.06 0.06 0.06
 0.06 0.06 0.06 0.06 0.06 0.06 0.06 0.06 0.06 0.06 0.06 0.06 0.06 0.06
 0.06 0.06]
step_ratio_vec:,[0.1 0.1 0.1 0.1 0.1 0.1 0.1 0.1 0.1 0.1 0.1 0.1 0.1 0.1 0.1 0.1 0.1 0.1
 0.1 0.1 0.1 0.1 0.1 0.1 0.1 0.1 0.1 0.1 0.1 0.1 0.1 0.1 0.1 0.1 0.1 0.1
 0.1 0.1 0.1 0.1 0.1 0.1 0.1 0.1 0.1 0.1 0.1 0.1 0.1 0.1 0.1 0.1 0.1 0.1
 0.1 0.1 0.1 0.1 0.1 0.1 0.1 0.1 0.1 0.1 0.1 0.1 0.1 0.1 0.1 0.1 0.1 0.1
 0.1 0.1 0.1 0.1 0.1 0.1 0.1 0.1 0.1 0.1 0.1 0.1 0.1 0.1 0.1 0.1 0.1 0.1
 0.1 0.1 0.1 0.1 0.1 0.1 0.1 0.1 0.1 0.1 0.1 0.1 0.1 0.1 0.1 0.1 0.1 0.1
 0.1 0.1 0.1 0.1 0.1 0.1]
swap interval:,10
sim interval:,[      0.  250000.  500000.  750000. 1000000.]
likelihood_sed (T/F):,True
erodep_coords:,[[42 10]
 [39  8]
 [75 51]
 [59 13]
 [40  5]
 [ 6 20]
 [14 66]
 [ 4 40]
 [72 73]
 [46 64]]
sed scaling factor:,50
samples_per_chain:,1000
burnin:,0.25
num params:,114
initial_proposed_vec:,[1.50000000e+00 1.50000000e+00 1.50000000e+00 1.50000000e+00
 5.00000000e-06 5.00000000e-01 1.00000000e+00 5.00000000e-01
 8.00000000e-01 7.61472899e-01 2.05323036e-01 2.78419876e-01
 5.01424837e-01 3.86425675e-01 1.32282056e-02 5.37749779e-01
 3.96210626e-01 2.06302440e-01 4.62745999e-01 3.22501636e-01
 3.03284754e-02 2.62012526e-01 2.29998223e-01 3.53592411e-02
 3.10625685e-01 3.11534034e-01 5.48903719e-01 1.51758505e-01
 1.33541912e-01 2.61374066e-01 4.72199200e-01 5.05447925e-01
 4.10581801e-01 1.31401882e-01 5.78615012e-01 1.51340749e-01
 2.38911261e-01 4.64862467e-01 2.56567196e-01 5.43066922e-01
 9.13273850e-02 2.28046640e-01 2.49170571e-01 3.16796438e-01
 4.82468309e-01 3.63226119e-01 4.70028657e-01 4.97142179e-01
 5.76519573e-01 1.06693532e-01 2.21659009e-01 1.35383194e-01
 3.71362904e-01 3.98222824e-01 3.67425389e-01 5.76237756e-01
 9.08430735e-02 6.45336500e-02 1.74166011e-01 1.21853007e-01
 3.11592827e-01 5.38768162e-01 5.08751405e-02 1.37654365e-01
 3.76896057e-01 3.29580120e-01 4.04561375e-01 7.98735238e-02
 2.41934519e-01 2.15915730e-01 9.35343804e-02 2.39930310e-02
 5.37788156e-01 2.67020389e-01 1.22423994e-01 1.94154616e-01
 5.85697834e-01 2.14200347e-01 1.58293156e-01 4.93576940e-01
 3.21230894e-01 2.67471146e-01 1.91267430e-01 5.49569329e-01
 4.69782450e-01 2.17181720e-01 2.40434740e-01 5.61352150e-01
 3.82277747e-01 3.18060067e-01 1.88091910e-01 3.29547414e-01
 3.39160475e-02 1.08409524e-01 8.31934537e-03 3.11862071e-01
 1.18092769e-01 5.34255343e-01 3.51240131e-01 3.56603174e-02
 5.41906038e-03 1.42180175e-01 2.85333562e-01 2.53096887e-02
 6.20354500e-02 4.46264441e-01 5.86702304e-01 4.21959991e-02
 2.84352885e-01 9.91510439e-02 3.49606084e-01 5.07752517e-01
 1.37809435e-01 5.66975900e-01]
stepsize_vec:,[0.   0.   0.   0.   0.   0.   0.   0.   0.   0.1  0.1  0.1  0.1  0.1
 0.06 0.06 0.06 0.06 0.06 0.06 0.06 0.06 0.06 0.06 0.06 0.06 0.06 0.06
 0.06 0.06 0.06 0.06 0.06 0.06 0.06 0.06 0.06 0.06 0.06 0.06 0.06 0.06
 0.06 0.06 0.06 0.06 0.06 0.06 0.06 0.06 0.06 0.06 0.06 0.06 0.06 0.06
 0.06 0.06 0.06 0.06 0.06 0.06 0.06 0.06 0.06 0.06 0.06 0.06 0.06 0.06
 0.06 0.06 0.06 0.06 0.06 0.06 0.06 0.06 0.06 0.06 0.06 0.06 0.06 0.06
 0.06 0.06 0.06 0.06 0.06 0.06 0.06 0.06 0.06 0.06 0.06 0.06 0.06 0.06
 0.06 0.06 0.06 0.06 0.06 0.06 0.06 0.06 0.06 0.06 0.06 0.06 0.06 0.06
 0.06 0.06]
step_ratio_vec:,[0.1 0.1 0.1 0.1 0.1 0.1 0.1 0.1 0.1 0.1 0.1 0.1 0.1 0.1 0.1 0.1 0.1 0.1
 0.1 0.1 0.1 0.1 0.1 0.1 0.1 0.1 0.1 0.1 0.1 0.1 0.1 0.1 0.1 0.1 0.1 0.1
 0.1 0.1 0.1 0.1 0.1 0.1 0.1 0.1 0.1 0.1 0.1 0.1 0.1 0.1 0.1 0.1 0.1 0.1
 0.1 0.1 0.1 0.1 0.1 0.1 0.1 0.1 0.1 0.1 0.1 0.1 0.1 0.1 0.1 0.1 0.1 0.1
 0.1 0.1 0.1 0.1 0.1 0.1 0.1 0.1 0.1 0.1 0.1 0.1 0.1 0.1 0.1 0.1 0.1 0.1
 0.1 0.1 0.1 0.1 0.1 0.1 0.1 0.1 0.1 0.1 0.1 0.1 0.1 0.1 0.1 0.1 0.1 0.1
 0.1 0.1 0.1 0.1 0.1 0.1]
swap interval:,10
sim interval:,[      0.  250000.  500000.  750000. 1000000.]
likelihood_sed (T/F):,True
erodep_coords:,[[42 10]
 [39  8]
 [75 51]
 [59 13]
 [40  5]
 [ 6 20]
 [14 66]
 [ 4 40]
 [72 73]
 [46 64]]
sed scaling factor:,50
samples_per_chain:,1000
burnin:,0.25
num params:,114
initial_proposed_vec:,[1.50000000e+00 1.50000000e+00 1.50000000e+00 1.50000000e+00
 5.00000000e-06 5.00000000e-01 1.00000000e+00 5.00000000e-01
 8.00000000e-01 7.61472899e-01 2.05323036e-01 2.78419876e-01
 5.01424837e-01 3.86425675e-01 1.32282056e-02 5.37749779e-01
 3.96210626e-01 2.06302440e-01 4.62745999e-01 3.22501636e-01
 3.03284754e-02 2.62012526e-01 2.29998223e-01 3.53592411e-02
 3.10625685e-01 3.11534034e-01 5.48903719e-01 1.51758505e-01
 1.33541912e-01 2.61374066e-01 4.72199200e-01 5.05447925e-01
 4.10581801e-01 1.31401882e-01 5.78615012e-01 1.51340749e-01
 2.38911261e-01 4.64862467e-01 2.56567196e-01 5.43066922e-01
 9.13273850e-02 2.28046640e-01 2.49170571e-01 3.16796438e-01
 4.82468309e-01 3.63226119e-01 4.70028657e-01 4.97142179e-01
 5.76519573e-01 1.06693532e-01 2.21659009e-01 1.35383194e-01
 3.71362904e-01 3.98222824e-01 3.67425389e-01 5.76237756e-01
 9.08430735e-02 6.45336500e-02 1.74166011e-01 1.21853007e-01
 3.11592827e-01 5.38768162e-01 5.08751405e-02 1.37654365e-01
 3.76896057e-01 3.29580120e-01 4.04561375e-01 7.98735238e-02
 2.41934519e-01 2.15915730e-01 9.35343804e-02 2.39930310e-02
 5.37788156e-01 2.67020389e-01 1.22423994e-01 1.94154616e-01
 5.85697834e-01 2.14200347e-01 1.58293156e-01 4.93576940e-01
 3.21230894e-01 2.67471146e-01 1.91267430e-01 5.49569329e-01
 4.69782450e-01 2.17181720e-01 2.40434740e-01 5.61352150e-01
 3.82277747e-01 3.18060067e-01 1.88091910e-01 3.29547414e-01
 3.39160475e-02 1.08409524e-01 8.31934537e-03 3.11862071e-01
 1.18092769e-01 5.34255343e-01 3.51240131e-01 3.56603174e-02
 5.41906038e-03 1.42180175e-01 2.85333562e-01 2.53096887e-02
 6.20354500e-02 4.46264441e-01 5.86702304e-01 4.21959991e-02
 2.84352885e-01 9.91510439e-02 3.49606084e-01 5.07752517e-01
 1.37809435e-01 5.66975900e-01]
stepsize_vec:,[0.   0.   0.   0.   0.   0.   0.   0.   0.   0.1  0.1  0.1  0.1  0.1
 0.06 0.06 0.06 0.06 0.06 0.06 0.06 0.06 0.06 0.06 0.06 0.06 0.06 0.06
 0.06 0.06 0.06 0.06 0.06 0.06 0.06 0.06 0.06 0.06 0.06 0.06 0.06 0.06
 0.06 0.06 0.06 0.06 0.06 0.06 0.06 0.06 0.06 0.06 0.06 0.06 0.06 0.06
 0.06 0.06 0.06 0.06 0.06 0.06 0.06 0.06 0.06 0.06 0.06 0.06 0.06 0.06
 0.06 0.06 0.06 0.06 0.06 0.06 0.06 0.06 0.06 0.06 0.06 0.06 0.06 0.06
 0.06 0.06 0.06 0.06 0.06 0.06 0.06 0.06 0.06 0.06 0.06 0.06 0.06 0.06
 0.06 0.06 0.06 0.06 0.06 0.06 0.06 0.06 0.06 0.06 0.06 0.06 0.06 0.06
 0.06 0.06]
step_ratio_vec:,[0.1 0.1 0.1 0.1 0.1 0.1 0.1 0.1 0.1 0.1 0.1 0.1 0.1 0.1 0.1 0.1 0.1 0.1
 0.1 0.1 0.1 0.1 0.1 0.1 0.1 0.1 0.1 0.1 0.1 0.1 0.1 0.1 0.1 0.1 0.1 0.1
 0.1 0.1 0.1 0.1 0.1 0.1 0.1 0.1 0.1 0.1 0.1 0.1 0.1 0.1 0.1 0.1 0.1 0.1
 0.1 0.1 0.1 0.1 0.1 0.1 0.1 0.1 0.1 0.1 0.1 0.1 0.1 0.1 0.1 0.1 0.1 0.1
 0.1 0.1 0.1 0.1 0.1 0.1 0.1 0.1 0.1 0.1 0.1 0.1 0.1 0.1 0.1 0.1 0.1 0.1
 0.1 0.1 0.1 0.1 0.1 0.1 0.1 0.1 0.1 0.1 0.1 0.1 0.1 0.1 0.1 0.1 0.1 0.1
 0.1 0.1 0.1 0.1 0.1 0.1]
swap interval:,10
sim interval:,[      0.  250000.  500000.  750000. 1000000.]
likelihood_sed (T/F):,True
erodep_coords:,[[42 10]
 [39  8]
 [75 51]
 [59 13]
 [40  5]
 [ 6 20]
 [14 66]
 [ 4 40]
 [72 73]
 [46 64]]
sed scaling factor:,50
samples_per_chain:,1000
burnin:,0.25
num params:,114
initial_proposed_vec:,[1.50000000e+00 1.50000000e+00 1.50000000e+00 1.50000000e+00
 5.00000000e-06 5.00000000e-01 1.00000000e+00 5.00000000e-01
 8.00000000e-01 7.61472899e-01 2.05323036e-01 2.78419876e-01
 5.01424837e-01 3.86425675e-01 1.32282056e-02 5.37749779e-01
 3.96210626e-01 2.06302440e-01 4.62745999e-01 3.22501636e-01
 3.03284754e-02 2.62012526e-01 2.29998223e-01 3.53592411e-02
 3.10625685e-01 3.11534034e-01 5.48903719e-01 1.51758505e-01
 1.33541912e-01 2.61374066e-01 4.72199200e-01 5.05447925e-01
 4.10581801e-01 1.31401882e-01 5.78615012e-01 1.51340749e-01
 2.38911261e-01 4.64862467e-01 2.56567196e-01 5.43066922e-01
 9.13273850e-02 2.28046640e-01 2.49170571e-01 3.16796438e-01
 4.82468309e-01 3.63226119e-01 4.70028657e-01 4.97142179e-01
 5.76519573e-01 1.06693532e-01 2.21659009e-01 1.35383194e-01
 3.71362904e-01 3.98222824e-01 3.67425389e-01 5.76237756e-01
 9.08430735e-02 6.45336500e-02 1.74166011e-01 1.21853007e-01
 3.11592827e-01 5.38768162e-01 5.08751405e-02 1.37654365e-01
 3.76896057e-01 3.29580120e-01 4.04561375e-01 7.98735238e-02
 2.41934519e-01 2.15915730e-01 9.35343804e-02 2.39930310e-02
 5.37788156e-01 2.67020389e-01 1.22423994e-01 1.94154616e-01
 5.85697834e-01 2.14200347e-01 1.58293156e-01 4.93576940e-01
 3.21230894e-01 2.67471146e-01 1.91267430e-01 5.49569329e-01
 4.69782450e-01 2.17181720e-01 2.40434740e-01 5.61352150e-01
 3.82277747e-01 3.18060067e-01 1.88091910e-01 3.29547414e-01
 3.39160475e-02 1.08409524e-01 8.31934537e-03 3.11862071e-01
 1.18092769e-01 5.34255343e-01 3.51240131e-01 3.56603174e-02
 5.41906038e-03 1.42180175e-01 2.85333562e-01 2.53096887e-02
 6.20354500e-02 4.46264441e-01 5.86702304e-01 4.21959991e-02
 2.84352885e-01 9.91510439e-02 3.49606084e-01 5.07752517e-01
 1.37809435e-01 5.66975900e-01]
stepsize_vec:,[0.   0.   0.   0.   0.   0.   0.   0.   0.   0.1  0.1  0.1  0.1  0.1
 0.06 0.06 0.06 0.06 0.06 0.06 0.06 0.06 0.06 0.06 0.06 0.06 0.06 0.06
 0.06 0.06 0.06 0.06 0.06 0.06 0.06 0.06 0.06 0.06 0.06 0.06 0.06 0.06
 0.06 0.06 0.06 0.06 0.06 0.06 0.06 0.06 0.06 0.06 0.06 0.06 0.06 0.06
 0.06 0.06 0.06 0.06 0.06 0.06 0.06 0.06 0.06 0.06 0.06 0.06 0.06 0.06
 0.06 0.06 0.06 0.06 0.06 0.06 0.06 0.06 0.06 0.06 0.06 0.06 0.06 0.06
 0.06 0.06 0.06 0.06 0.06 0.06 0.06 0.06 0.06 0.06 0.06 0.06 0.06 0.06
 0.06 0.06 0.06 0.06 0.06 0.06 0.06 0.06 0.06 0.06 0.06 0.06 0.06 0.06
 0.06 0.06]
step_ratio_vec:,[0.1 0.1 0.1 0.1 0.1 0.1 0.1 0.1 0.1 0.1 0.1 0.1 0.1 0.1 0.1 0.1 0.1 0.1
 0.1 0.1 0.1 0.1 0.1 0.1 0.1 0.1 0.1 0.1 0.1 0.1 0.1 0.1 0.1 0.1 0.1 0.1
 0.1 0.1 0.1 0.1 0.1 0.1 0.1 0.1 0.1 0.1 0.1 0.1 0.1 0.1 0.1 0.1 0.1 0.1
 0.1 0.1 0.1 0.1 0.1 0.1 0.1 0.1 0.1 0.1 0.1 0.1 0.1 0.1 0.1 0.1 0.1 0.1
 0.1 0.1 0.1 0.1 0.1 0.1 0.1 0.1 0.1 0.1 0.1 0.1 0.1 0.1 0.1 0.1 0.1 0.1
 0.1 0.1 0.1 0.1 0.1 0.1 0.1 0.1 0.1 0.1 0.1 0.1 0.1 0.1 0.1 0.1 0.1 0.1
 0.1 0.1 0.1 0.1 0.1 0.1]
swap interval:,10
sim interval:,[      0.  250000.  500000.  750000. 1000000.]
likelihood_sed (T/F):,True
erodep_coords:,[[42 10]
 [39  8]
 [75 51]
 [59 13]
 [40  5]
 [ 6 20]
 [14 66]
 [ 4 40]
 [72 73]
 [46 64]]
sed scaling factor:,50