
samples_per_chain:,4000
burnin:,0.25
num params:,21
initial_proposed_vec:,[7.78440915e-01 1.44473062e+00 1.57586325e+00 1.63457598e+00
 6.70828878e-01 9.86311284e-01 2.12651738e-01 2.05017163e+00
 1.30243634e+00 1.24318134e+00 1.63877122e+00 1.94475944e+00
 6.00797104e-01 9.09791961e-02 1.52773783e+00 2.57695760e+00
 4.10146620e-06 8.10012950e-01 1.44425702e+00 9.93151628e-01
 1.49648859e-01]
stepsize_vec:,[3.e-01 3.e-01 3.e-01 3.e-01 3.e-01 3.e-01 3.e-01 3.e-01 3.e-01 3.e-01
 3.e-01 3.e-01 3.e-01 3.e-01 3.e-01 3.e-01 2.e-07 1.e-01 2.e-01 1.e-01
 1.e-01]
step_ratio_vec:,[0.1 0.1 0.1 0.1 0.1 0.1 0.1 0.1 0.1 0.1 0.1 0.1 0.1 0.1 0.1 0.1 0.1 0.1
 0.1 0.1 0.1]
swap interval:,400
sim interval:,[      0.  250000.  500000.  750000. 1000000.]
likelihood_sed (T/F):,True
erodep_coords:,[[42 10]
 [39  8]
 [75 51]
 [59 13]
 [40  5]
 [ 6 20]
 [14 66]
 [ 4 40]
 [72 73]
 [46 64]]
sed scaling factor:,50
samples_per_chain:,4000
burnin:,0.25
num params:,21
initial_proposed_vec:,[7.78440915e-01 1.44473062e+00 1.57586325e+00 1.63457598e+00
 6.70828878e-01 9.86311284e-01 2.12651738e-01 2.05017163e+00
 1.30243634e+00 1.24318134e+00 1.63877122e+00 1.94475944e+00
 6.00797104e-01 9.09791961e-02 1.52773783e+00 2.57695760e+00
 4.10146620e-06 8.10012950e-01 1.44425702e+00 9.93151628e-01
 1.49648859e-01]
stepsize_vec:,[3.e-01 3.e-01 3.e-01 3.e-01 3.e-01 3.e-01 3.e-01 3.e-01 3.e-01 3.e-01
 3.e-01 3.e-01 3.e-01 3.e-01 3.e-01 3.e-01 2.e-07 1.e-01 2.e-01 1.e-01
 1.e-01]
step_ratio_vec:,[0.1 0.1 0.1 0.1 0.1 0.1 0.1 0.1 0.1 0.1 0.1 0.1 0.1 0.1 0.1 0.1 0.1 0.1
 0.1 0.1 0.1]
swap interval:,400
sim interval:,[      0.  250000.  500000.  750000. 1000000.]
likelihood_sed (T/F):,True
erodep_coords:,[[42 10]
 [39  8]
 [75 51]
 [59 13]
 [40  5]
 [ 6 20]
 [14 66]
 [ 4 40]
 [72 73]
 [46 64]]
sed scaling factor:,50
samples_per_chain:,4000
burnin:,0.25
num params:,21
initial_proposed_vec:,[7.78440915e-01 1.44473062e+00 1.57586325e+00 1.63457598e+00
 6.70828878e-01 9.86311284e-01 2.12651738e-01 2.05017163e+00
 1.30243634e+00 1.24318134e+00 1.63877122e+00 1.94475944e+00
 6.00797104e-01 9.09791961e-02 1.52773783e+00 2.57695760e+00
 4.10146620e-06 8.10012950e-01 1.44425702e+00 9.93151628e-01
 1.49648859e-01]
stepsize_vec:,[3.e-01 3.e-01 3.e-01 3.e-01 3.e-01 3.e-01 3.e-01 3.e-01 3.e-01 3.e-01
 3.e-01 3.e-01 3.e-01 3.e-01 3.e-01 3.e-01 2.e-07 1.e-01 2.e-01 1.e-01
 1.e-01]
step_ratio_vec:,[0.1 0.1 0.1 0.1 0.1 0.1 0.1 0.1 0.1 0.1 0.1 0.1 0.1 0.1 0.1 0.1 0.1 0.1
 0.1 0.1 0.1]
swap interval:,400
sim interval:,[      0.  250000.  500000.  750000. 1000000.]
likelihood_sed (T/F):,True
erodep_coords:,[[42 10]
 [39  8]
 [75 51]
 [59 13]
 [40  5]
 [ 6 20]
 [14 66]
 [ 4 40]
 [72 73]
 [46 64]]
sed scaling factor:,50
samples_per_chain:,4000
burnin:,0.25
num params:,21
initial_proposed_vec:,[7.78440915e-01 1.44473062e+00 1.57586325e+00 1.63457598e+00
 6.70828878e-01 9.86311284e-01 2.12651738e-01 2.05017163e+00
 1.30243634e+00 1.24318134e+00 1.63877122e+00 1.94475944e+00
 6.00797104e-01 9.09791961e-02 1.52773783e+00 2.57695760e+00
 4.10146620e-06 8.10012950e-01 1.44425702e+00 9.93151628e-01
 1.49648859e-01]
stepsize_vec:,[3.e-01 3.e-01 3.e-01 3.e-01 3.e-01 3.e-01 3.e-01 3.e-01 3.e-01 3.e-01
 3.e-01 3.e-01 3.e-01 3.e-01 3.e-01 3.e-01 2.e-07 1.e-01 2.e-01 1.e-01
 1.e-01]
step_ratio_vec:,[0.1 0.1 0.1 0.1 0.1 0.1 0.1 0.1 0.1 0.1 0.1 0.1 0.1 0.1 0.1 0.1 0.1 0.1
 0.1 0.1 0.1]
swap interval:,400
sim interval:,[      0.  250000.  500000.  750000. 1000000.]
likelihood_sed (T/F):,True
erodep_coords:,[[42 10]
 [39  8]
 [75 51]
 [59 13]
 [40  5]
 [ 6 20]
 [14 66]
 [ 4 40]
 [72 73]
 [46 64]]
sed scaling factor:,50
samples_per_chain:,4000
burnin:,0.25
num params:,21
initial_proposed_vec:,[7.78440915e-01 1.44473062e+00 1.57586325e+00 1.63457598e+00
 6.70828878e-01 9.86311284e-01 2.12651738e-01 2.05017163e+00
 1.30243634e+00 1.24318134e+00 1.63877122e+00 1.94475944e+00
 6.00797104e-01 9.09791961e-02 1.52773783e+00 2.57695760e+00
 4.10146620e-06 8.10012950e-01 1.44425702e+00 9.93151628e-01
 1.49648859e-01]
stepsize_vec:,[3.e-01 3.e-01 3.e-01 3.e-01 3.e-01 3.e-01 3.e-01 3.e-01 3.e-01 3.e-01
 3.e-01 3.e-01 3.e-01 3.e-01 3.e-01 3.e-01 2.e-07 1.e-01 2.e-01 1.e-01
 1.e-01]
step_ratio_vec:,[0.1 0.1 0.1 0.1 0.1 0.1 0.1 0.1 0.1 0.1 0.1 0.1 0.1 0.1 0.1 0.1 0.1 0.1
 0.1 0.1 0.1]
swap interval:,400
sim interval:,[      0.  250000.  500000.  750000. 1000000.]
likelihood_sed (T/F):,True
erodep_coords:,[[42 10]
 [39  8]
 [75 51]
 [59 13]
 [40  5]
 [ 6 20]
 [14 66]
 [ 4 40]
 [72 73]
 [46 64]]
sed scaling factor:,50
samples_per_chain:,4000
burnin:,0.25
num params:,21
initial_proposed_vec:,[7.78440915e-01 1.44473062e+00 1.57586325e+00 1.63457598e+00
 6.70828878e-01 9.86311284e-01 2.12651738e-01 2.05017163e+00
 1.30243634e+00 1.24318134e+00 1.63877122e+00 1.94475944e+00
 6.00797104e-01 9.09791961e-02 1.52773783e+00 2.57695760e+00
 4.10146620e-06 8.10012950e-01 1.44425702e+00 9.93151628e-01
 1.49648859e-01]
stepsize_vec:,[3.e-01 3.e-01 3.e-01 3.e-01 3.e-01 3.e-01 3.e-01 3.e-01 3.e-01 3.e-01
 3.e-01 3.e-01 3.e-01 3.e-01 3.e-01 3.e-01 2.e-07 1.e-01 2.e-01 1.e-01
 1.e-01]
step_ratio_vec:,[0.1 0.1 0.1 0.1 0.1 0.1 0.1 0.1 0.1 0.1 0.1 0.1 0.1 0.1 0.1 0.1 0.1 0.1
 0.1 0.1 0.1]
swap interval:,400
sim interval:,[      0.  250000.  500000.  750000. 1000000.]
likelihood_sed (T/F):,True
erodep_coords:,[[42 10]
 [39  8]
 [75 51]
 [59 13]
 [40  5]
 [ 6 20]
 [14 66]
 [ 4 40]
 [72 73]
 [46 64]]
sed scaling factor:,50
samples_per_chain:,4000
burnin:,0.25
num params:,21
initial_proposed_vec:,[7.78440915e-01 1.44473062e+00 1.57586325e+00 1.63457598e+00
 6.70828878e-01 9.86311284e-01 2.12651738e-01 2.05017163e+00
 1.30243634e+00 1.24318134e+00 1.63877122e+00 1.94475944e+00
 6.00797104e-01 9.09791961e-02 1.52773783e+00 2.57695760e+00
 4.10146620e-06 8.10012950e-01 1.44425702e+00 9.93151628e-01
 1.49648859e-01]
stepsize_vec:,[3.e-01 3.e-01 3.e-01 3.e-01 3.e-01 3.e-01 3.e-01 3.e-01 3.e-01 3.e-01
 3.e-01 3.e-01 3.e-01 3.e-01 3.e-01 3.e-01 2.e-07 1.e-01 2.e-01 1.e-01
 1.e-01]
step_ratio_vec:,[0.1 0.1 0.1 0.1 0.1 0.1 0.1 0.1 0.1 0.1 0.1 0.1 0.1 0.1 0.1 0.1 0.1 0.1
 0.1 0.1 0.1]
swap interval:,400
sim interval:,[      0.  250000.  500000.  750000. 1000000.]
likelihood_sed (T/F):,True
erodep_coords:,[[42 10]
 [39  8]
 [75 51]
 [59 13]
 [40  5]
 [ 6 20]
 [14 66]
 [ 4 40]
 [72 73]
 [46 64]]
sed scaling factor:,50
samples_per_chain:,4000
burnin:,0.25
num params:,21
initial_proposed_vec:,[7.78440915e-01 1.44473062e+00 1.57586325e+00 1.63457598e+00
 6.70828878e-01 9.86311284e-01 2.12651738e-01 2.05017163e+00
 1.30243634e+00 1.24318134e+00 1.63877122e+00 1.94475944e+00
 6.00797104e-01 9.09791961e-02 1.52773783e+00 2.57695760e+00
 4.10146620e-06 8.10012950e-01 1.44425702e+00 9.93151628e-01
 1.49648859e-01]
stepsize_vec:,[3.e-01 3.e-01 3.e-01 3.e-01 3.e-01 3.e-01 3.e-01 3.e-01 3.e-01 3.e-01
 3.e-01 3.e-01 3.e-01 3.e-01 3.e-01 3.e-01 2.e-07 1.e-01 2.e-01 1.e-01
 1.e-01]
step_ratio_vec:,[0.1 0.1 0.1 0.1 0.1 0.1 0.1 0.1 0.1 0.1 0.1 0.1 0.1 0.1 0.1 0.1 0.1 0.1
 0.1 0.1 0.1]
swap interval:,400
sim interval:,[      0.  250000.  500000.  750000. 1000000.]
likelihood_sed (T/F):,True
erodep_coords:,[[42 10]
 [39  8]
 [75 51]
 [59 13]
 [40  5]
 [ 6 20]
 [14 66]
 [ 4 40]
 [72 73]
 [46 64]]
sed scaling factor:,50
samples_per_chain:,4000
burnin:,0.25
num params:,21
initial_proposed_vec:,[7.78440915e-01 1.44473062e+00 1.57586325e+00 1.63457598e+00
 6.70828878e-01 9.86311284e-01 2.12651738e-01 2.05017163e+00
 1.30243634e+00 1.24318134e+00 1.63877122e+00 1.94475944e+00
 6.00797104e-01 9.09791961e-02 1.52773783e+00 2.57695760e+00
 4.10146620e-06 8.10012950e-01 1.44425702e+00 9.93151628e-01
 1.49648859e-01]
stepsize_vec:,[3.e-01 3.e-01 3.e-01 3.e-01 3.e-01 3.e-01 3.e-01 3.e-01 3.e-01 3.e-01
 3.e-01 3.e-01 3.e-01 3.e-01 3.e-01 3.e-01 2.e-07 1.e-01 2.e-01 1.e-01
 1.e-01]
step_ratio_vec:,[0.1 0.1 0.1 0.1 0.1 0.1 0.1 0.1 0.1 0.1 0.1 0.1 0.1 0.1 0.1 0.1 0.1 0.1
 0.1 0.1 0.1]
swap interval:,400
sim interval:,[      0.  250000.  500000.  750000. 1000000.]
likelihood_sed (T/F):,True
erodep_coords:,[[42 10]
 [39  8]
 [75 51]
 [59 13]
 [40  5]
 [ 6 20]
 [14 66]
 [ 4 40]
 [72 73]
 [46 64]]
sed scaling factor:,50
samples_per_chain:,4000
burnin:,0.25
num params:,21
initial_proposed_vec:,[7.78440915e-01 1.44473062e+00 1.57586325e+00 1.63457598e+00
 6.70828878e-01 9.86311284e-01 2.12651738e-01 2.05017163e+00
 1.30243634e+00 1.24318134e+00 1.63877122e+00 1.94475944e+00
 6.00797104e-01 9.09791961e-02 1.52773783e+00 2.57695760e+00
 4.10146620e-06 8.10012950e-01 1.44425702e+00 9.93151628e-01
 1.49648859e-01]
stepsize_vec:,[3.e-01 3.e-01 3.e-01 3.e-01 3.e-01 3.e-01 3.e-01 3.e-01 3.e-01 3.e-01
 3.e-01 3.e-01 3.e-01 3.e-01 3.e-01 3.e-01 2.e-07 1.e-01 2.e-01 1.e-01
 1.e-01]
step_ratio_vec:,[0.1 0.1 0.1 0.1 0.1 0.1 0.1 0.1 0.1 0.1 0.1 0.1 0.1 0.1 0.1 0.1 0.1 0.1
 0.1 0.1 0.1]
swap interval:,400
sim interval:,[      0.  250000.  500000.  750000. 1000000.]
likelihood_sed (T/F):,True
erodep_coords:,[[42 10]
 [39  8]
 [75 51]
 [59 13]
 [40  5]
 [ 6 20]
 [14 66]
 [ 4 40]
 [72 73]
 [46 64]]
sed scaling factor:,50