
samples_per_chain:,2000
burnin:,0.25
num params:,13
initial_proposed_vec:,[2.10662698e+00 1.40786859e+00 3.01024844e-01 1.32810515e+00
 5.03899206e-01 2.57379621e+00 2.90991166e+00 1.29584429e+00
 4.69514438e-06 6.75070573e-01 9.17371745e-01 5.71198741e-01
 7.16886572e-01]
stepsize_vec:,[3.e-01 3.e-01 3.e-01 3.e-01 3.e-01 3.e-01 3.e-01 3.e-01 2.e-07 1.e-01
 2.e-01 1.e-01 1.e-01]
step_ratio_vec:,[0.1 0.1 0.1 0.1 0.1 0.1 0.1 0.1 0.1 0.1 0.1 0.1 0.1]
swap interval:,200
sim interval:,[      0.  250000.  500000.  750000. 1000000.]
likelihood_sed (T/F):,True
erodep_coords:,[[42 10]
 [39  8]
 [75 51]
 [59 13]
 [40  5]
 [ 6 20]
 [14 66]
 [ 4 40]
 [72 73]
 [46 64]]
sed scaling factor:,50
samples_per_chain:,2000
burnin:,0.25
num params:,13
initial_proposed_vec:,[2.10662698e+00 1.40786859e+00 3.01024844e-01 1.32810515e+00
 5.03899206e-01 2.57379621e+00 2.90991166e+00 1.29584429e+00
 4.69514438e-06 6.75070573e-01 9.17371745e-01 5.71198741e-01
 7.16886572e-01]
stepsize_vec:,[3.e-01 3.e-01 3.e-01 3.e-01 3.e-01 3.e-01 3.e-01 3.e-01 2.e-07 1.e-01
 2.e-01 1.e-01 1.e-01]
step_ratio_vec:,[0.1 0.1 0.1 0.1 0.1 0.1 0.1 0.1 0.1 0.1 0.1 0.1 0.1]
swap interval:,200
sim interval:,[      0.  250000.  500000.  750000. 1000000.]
likelihood_sed (T/F):,True
erodep_coords:,[[42 10]
 [39  8]
 [75 51]
 [59 13]
 [40  5]
 [ 6 20]
 [14 66]
 [ 4 40]
 [72 73]
 [46 64]]
sed scaling factor:,50
samples_per_chain:,2000
burnin:,0.25
num params:,13
initial_proposed_vec:,[2.10662698e+00 1.40786859e+00 3.01024844e-01 1.32810515e+00
 5.03899206e-01 2.57379621e+00 2.90991166e+00 1.29584429e+00
 4.69514438e-06 6.75070573e-01 9.17371745e-01 5.71198741e-01
 7.16886572e-01]
stepsize_vec:,[3.e-01 3.e-01 3.e-01 3.e-01 3.e-01 3.e-01 3.e-01 3.e-01 2.e-07 1.e-01
 2.e-01 1.e-01 1.e-01]
step_ratio_vec:,[0.1 0.1 0.1 0.1 0.1 0.1 0.1 0.1 0.1 0.1 0.1 0.1 0.1]
swap interval:,200
sim interval:,[      0.  250000.  500000.  750000. 1000000.]
likelihood_sed (T/F):,True
erodep_coords:,[[42 10]
 [39  8]
 [75 51]
 [59 13]
 [40  5]
 [ 6 20]
 [14 66]
 [ 4 40]
 [72 73]
 [46 64]]
sed scaling factor:,50
samples_per_chain:,2000
burnin:,0.25
num params:,13
initial_proposed_vec:,[2.10662698e+00 1.40786859e+00 3.01024844e-01 1.32810515e+00
 5.03899206e-01 2.57379621e+00 2.90991166e+00 1.29584429e+00
 4.69514438e-06 6.75070573e-01 9.17371745e-01 5.71198741e-01
 7.16886572e-01]
stepsize_vec:,[3.e-01 3.e-01 3.e-01 3.e-01 3.e-01 3.e-01 3.e-01 3.e-01 2.e-07 1.e-01
 2.e-01 1.e-01 1.e-01]
step_ratio_vec:,[0.1 0.1 0.1 0.1 0.1 0.1 0.1 0.1 0.1 0.1 0.1 0.1 0.1]
swap interval:,200
sim interval:,[      0.  250000.  500000.  750000. 1000000.]
likelihood_sed (T/F):,True
erodep_coords:,[[42 10]
 [39  8]
 [75 51]
 [59 13]
 [40  5]
 [ 6 20]
 [14 66]
 [ 4 40]
 [72 73]
 [46 64]]
sed scaling factor:,50
samples_per_chain:,2000
burnin:,0.25
num params:,13
initial_proposed_vec:,[2.10662698e+00 1.40786859e+00 3.01024844e-01 1.32810515e+00
 5.03899206e-01 2.57379621e+00 2.90991166e+00 1.29584429e+00
 4.69514438e-06 6.75070573e-01 9.17371745e-01 5.71198741e-01
 7.16886572e-01]
stepsize_vec:,[3.e-01 3.e-01 3.e-01 3.e-01 3.e-01 3.e-01 3.e-01 3.e-01 2.e-07 1.e-01
 2.e-01 1.e-01 1.e-01]
step_ratio_vec:,[0.1 0.1 0.1 0.1 0.1 0.1 0.1 0.1 0.1 0.1 0.1 0.1 0.1]
swap interval:,200
sim interval:,[      0.  250000.  500000.  750000. 1000000.]
likelihood_sed (T/F):,True
erodep_coords:,[[42 10]
 [39  8]
 [75 51]
 [59 13]
 [40  5]
 [ 6 20]
 [14 66]
 [ 4 40]
 [72 73]
 [46 64]]
sed scaling factor:,50
samples_per_chain:,2000
burnin:,0.25
num params:,13
initial_proposed_vec:,[2.10662698e+00 1.40786859e+00 3.01024844e-01 1.32810515e+00
 5.03899206e-01 2.57379621e+00 2.90991166e+00 1.29584429e+00
 4.69514438e-06 6.75070573e-01 9.17371745e-01 5.71198741e-01
 7.16886572e-01]
stepsize_vec:,[3.e-01 3.e-01 3.e-01 3.e-01 3.e-01 3.e-01 3.e-01 3.e-01 2.e-07 1.e-01
 2.e-01 1.e-01 1.e-01]
step_ratio_vec:,[0.1 0.1 0.1 0.1 0.1 0.1 0.1 0.1 0.1 0.1 0.1 0.1 0.1]
swap interval:,200
sim interval:,[      0.  250000.  500000.  750000. 1000000.]
likelihood_sed (T/F):,True
erodep_coords:,[[42 10]
 [39  8]
 [75 51]
 [59 13]
 [40  5]
 [ 6 20]
 [14 66]
 [ 4 40]
 [72 73]
 [46 64]]
sed scaling factor:,50
samples_per_chain:,2000
burnin:,0.25
num params:,13
initial_proposed_vec:,[2.10662698e+00 1.40786859e+00 3.01024844e-01 1.32810515e+00
 5.03899206e-01 2.57379621e+00 2.90991166e+00 1.29584429e+00
 4.69514438e-06 6.75070573e-01 9.17371745e-01 5.71198741e-01
 7.16886572e-01]
stepsize_vec:,[3.e-01 3.e-01 3.e-01 3.e-01 3.e-01 3.e-01 3.e-01 3.e-01 2.e-07 1.e-01
 2.e-01 1.e-01 1.e-01]
step_ratio_vec:,[0.1 0.1 0.1 0.1 0.1 0.1 0.1 0.1 0.1 0.1 0.1 0.1 0.1]
swap interval:,200
sim interval:,[      0.  250000.  500000.  750000. 1000000.]
likelihood_sed (T/F):,True
erodep_coords:,[[42 10]
 [39  8]
 [75 51]
 [59 13]
 [40  5]
 [ 6 20]
 [14 66]
 [ 4 40]
 [72 73]
 [46 64]]
sed scaling factor:,50
samples_per_chain:,2000
burnin:,0.25
num params:,13
initial_proposed_vec:,[2.10662698e+00 1.40786859e+00 3.01024844e-01 1.32810515e+00
 5.03899206e-01 2.57379621e+00 2.90991166e+00 1.29584429e+00
 4.69514438e-06 6.75070573e-01 9.17371745e-01 5.71198741e-01
 7.16886572e-01]
stepsize_vec:,[3.e-01 3.e-01 3.e-01 3.e-01 3.e-01 3.e-01 3.e-01 3.e-01 2.e-07 1.e-01
 2.e-01 1.e-01 1.e-01]
step_ratio_vec:,[0.1 0.1 0.1 0.1 0.1 0.1 0.1 0.1 0.1 0.1 0.1 0.1 0.1]
swap interval:,200
sim interval:,[      0.  250000.  500000.  750000. 1000000.]
likelihood_sed (T/F):,True
erodep_coords:,[[42 10]
 [39  8]
 [75 51]
 [59 13]
 [40  5]
 [ 6 20]
 [14 66]
 [ 4 40]
 [72 73]
 [46 64]]
sed scaling factor:,50
samples_per_chain:,2000
burnin:,0.25
num params:,13
initial_proposed_vec:,[2.10662698e+00 1.40786859e+00 3.01024844e-01 1.32810515e+00
 5.03899206e-01 2.57379621e+00 2.90991166e+00 1.29584429e+00
 4.69514438e-06 6.75070573e-01 9.17371745e-01 5.71198741e-01
 7.16886572e-01]
stepsize_vec:,[3.e-01 3.e-01 3.e-01 3.e-01 3.e-01 3.e-01 3.e-01 3.e-01 2.e-07 1.e-01
 2.e-01 1.e-01 1.e-01]
step_ratio_vec:,[0.1 0.1 0.1 0.1 0.1 0.1 0.1 0.1 0.1 0.1 0.1 0.1 0.1]
swap interval:,200
sim interval:,[      0.  250000.  500000.  750000. 1000000.]
likelihood_sed (T/F):,True
erodep_coords:,[[42 10]
 [39  8]
 [75 51]
 [59 13]
 [40  5]
 [ 6 20]
 [14 66]
 [ 4 40]
 [72 73]
 [46 64]]
sed scaling factor:,50
samples_per_chain:,2000
burnin:,0.25
num params:,13
initial_proposed_vec:,[2.10662698e+00 1.40786859e+00 3.01024844e-01 1.32810515e+00
 5.03899206e-01 2.57379621e+00 2.90991166e+00 1.29584429e+00
 4.69514438e-06 6.75070573e-01 9.17371745e-01 5.71198741e-01
 7.16886572e-01]
stepsize_vec:,[3.e-01 3.e-01 3.e-01 3.e-01 3.e-01 3.e-01 3.e-01 3.e-01 2.e-07 1.e-01
 2.e-01 1.e-01 1.e-01]
step_ratio_vec:,[0.1 0.1 0.1 0.1 0.1 0.1 0.1 0.1 0.1 0.1 0.1 0.1 0.1]
swap interval:,200
sim interval:,[      0.  250000.  500000.  750000. 1000000.]
likelihood_sed (T/F):,True
erodep_coords:,[[42 10]
 [39  8]
 [75 51]
 [59 13]
 [40  5]
 [ 6 20]
 [14 66]
 [ 4 40]
 [72 73]
 [46 64]]
sed scaling factor:,50