
samples_per_chain:,500
burnin:,0.25
num params:,21
initial_proposed_vec:,[2.52615643e+00 3.37180757e-01 1.72957415e+00 2.53091452e+00
 4.09275143e-01 1.92742906e+00 8.61690460e-01 2.32063232e+00
 4.26293738e-01 2.49014108e+00 8.46108276e-01 5.79322538e-01
 1.31491435e-01 6.35350197e-01 1.26528976e+00 2.00160470e+00
 5.16219094e-06 3.98550429e-01 1.14042469e-02 2.52006135e-01
 4.97947487e-01]
stepsize_vec:,[3.e-01 3.e-01 3.e-01 3.e-01 3.e-01 3.e-01 3.e-01 3.e-01 3.e-01 3.e-01
 3.e-01 3.e-01 3.e-01 3.e-01 3.e-01 3.e-01 2.e-07 1.e-01 2.e-01 1.e-01
 1.e-01]
step_ratio_vec:,[0.1 0.1 0.1 0.1 0.1 0.1 0.1 0.1 0.1 0.1 0.1 0.1 0.1 0.1 0.1 0.1 0.1 0.1
 0.1 0.1 0.1]
swap interval:,50
sim interval:,[      0.  250000.  500000.  750000. 1000000.]
likelihood_sed (T/F):,True
erodep_coords:,[[42 10]
 [39  8]
 [75 51]
 [59 13]
 [40  5]
 [ 6 20]
 [14 66]
 [ 4 40]
 [72 73]
 [46 64]]
sed scaling factor:,50
samples_per_chain:,500
burnin:,0.25
num params:,21
initial_proposed_vec:,[2.52615643e+00 3.37180757e-01 1.72957415e+00 2.53091452e+00
 4.09275143e-01 1.92742906e+00 8.61690460e-01 2.32063232e+00
 4.26293738e-01 2.49014108e+00 8.46108276e-01 5.79322538e-01
 1.31491435e-01 6.35350197e-01 1.26528976e+00 2.00160470e+00
 5.16219094e-06 3.98550429e-01 1.14042469e-02 2.52006135e-01
 4.97947487e-01]
stepsize_vec:,[3.e-01 3.e-01 3.e-01 3.e-01 3.e-01 3.e-01 3.e-01 3.e-01 3.e-01 3.e-01
 3.e-01 3.e-01 3.e-01 3.e-01 3.e-01 3.e-01 2.e-07 1.e-01 2.e-01 1.e-01
 1.e-01]
step_ratio_vec:,[0.1 0.1 0.1 0.1 0.1 0.1 0.1 0.1 0.1 0.1 0.1 0.1 0.1 0.1 0.1 0.1 0.1 0.1
 0.1 0.1 0.1]
swap interval:,50
sim interval:,[      0.  250000.  500000.  750000. 1000000.]
likelihood_sed (T/F):,True
erodep_coords:,[[42 10]
 [39  8]
 [75 51]
 [59 13]
 [40  5]
 [ 6 20]
 [14 66]
 [ 4 40]
 [72 73]
 [46 64]]
sed scaling factor:,50
samples_per_chain:,500
burnin:,0.25
num params:,21
initial_proposed_vec:,[2.52615643e+00 3.37180757e-01 1.72957415e+00 2.53091452e+00
 4.09275143e-01 1.92742906e+00 8.61690460e-01 2.32063232e+00
 4.26293738e-01 2.49014108e+00 8.46108276e-01 5.79322538e-01
 1.31491435e-01 6.35350197e-01 1.26528976e+00 2.00160470e+00
 5.16219094e-06 3.98550429e-01 1.14042469e-02 2.52006135e-01
 4.97947487e-01]
stepsize_vec:,[3.e-01 3.e-01 3.e-01 3.e-01 3.e-01 3.e-01 3.e-01 3.e-01 3.e-01 3.e-01
 3.e-01 3.e-01 3.e-01 3.e-01 3.e-01 3.e-01 2.e-07 1.e-01 2.e-01 1.e-01
 1.e-01]
step_ratio_vec:,[0.1 0.1 0.1 0.1 0.1 0.1 0.1 0.1 0.1 0.1 0.1 0.1 0.1 0.1 0.1 0.1 0.1 0.1
 0.1 0.1 0.1]
swap interval:,50
sim interval:,[      0.  250000.  500000.  750000. 1000000.]
likelihood_sed (T/F):,True
erodep_coords:,[[42 10]
 [39  8]
 [75 51]
 [59 13]
 [40  5]
 [ 6 20]
 [14 66]
 [ 4 40]
 [72 73]
 [46 64]]
sed scaling factor:,50
samples_per_chain:,500
burnin:,0.25
num params:,21
initial_proposed_vec:,[2.52615643e+00 3.37180757e-01 1.72957415e+00 2.53091452e+00
 4.09275143e-01 1.92742906e+00 8.61690460e-01 2.32063232e+00
 4.26293738e-01 2.49014108e+00 8.46108276e-01 5.79322538e-01
 1.31491435e-01 6.35350197e-01 1.26528976e+00 2.00160470e+00
 5.16219094e-06 3.98550429e-01 1.14042469e-02 2.52006135e-01
 4.97947487e-01]
stepsize_vec:,[3.e-01 3.e-01 3.e-01 3.e-01 3.e-01 3.e-01 3.e-01 3.e-01 3.e-01 3.e-01
 3.e-01 3.e-01 3.e-01 3.e-01 3.e-01 3.e-01 2.e-07 1.e-01 2.e-01 1.e-01
 1.e-01]
step_ratio_vec:,[0.1 0.1 0.1 0.1 0.1 0.1 0.1 0.1 0.1 0.1 0.1 0.1 0.1 0.1 0.1 0.1 0.1 0.1
 0.1 0.1 0.1]
swap interval:,50
sim interval:,[      0.  250000.  500000.  750000. 1000000.]
likelihood_sed (T/F):,True
erodep_coords:,[[42 10]
 [39  8]
 [75 51]
 [59 13]
 [40  5]
 [ 6 20]
 [14 66]
 [ 4 40]
 [72 73]
 [46 64]]
sed scaling factor:,50
samples_per_chain:,500
burnin:,0.25
num params:,21
initial_proposed_vec:,[2.52615643e+00 3.37180757e-01 1.72957415e+00 2.53091452e+00
 4.09275143e-01 1.92742906e+00 8.61690460e-01 2.32063232e+00
 4.26293738e-01 2.49014108e+00 8.46108276e-01 5.79322538e-01
 1.31491435e-01 6.35350197e-01 1.26528976e+00 2.00160470e+00
 5.16219094e-06 3.98550429e-01 1.14042469e-02 2.52006135e-01
 4.97947487e-01]
stepsize_vec:,[3.e-01 3.e-01 3.e-01 3.e-01 3.e-01 3.e-01 3.e-01 3.e-01 3.e-01 3.e-01
 3.e-01 3.e-01 3.e-01 3.e-01 3.e-01 3.e-01 2.e-07 1.e-01 2.e-01 1.e-01
 1.e-01]
step_ratio_vec:,[0.1 0.1 0.1 0.1 0.1 0.1 0.1 0.1 0.1 0.1 0.1 0.1 0.1 0.1 0.1 0.1 0.1 0.1
 0.1 0.1 0.1]
swap interval:,50
sim interval:,[      0.  250000.  500000.  750000. 1000000.]
likelihood_sed (T/F):,True
erodep_coords:,[[42 10]
 [39  8]
 [75 51]
 [59 13]
 [40  5]
 [ 6 20]
 [14 66]
 [ 4 40]
 [72 73]
 [46 64]]
sed scaling factor:,50
samples_per_chain:,500
burnin:,0.25
num params:,21
initial_proposed_vec:,[2.52615643e+00 3.37180757e-01 1.72957415e+00 2.53091452e+00
 4.09275143e-01 1.92742906e+00 8.61690460e-01 2.32063232e+00
 4.26293738e-01 2.49014108e+00 8.46108276e-01 5.79322538e-01
 1.31491435e-01 6.35350197e-01 1.26528976e+00 2.00160470e+00
 5.16219094e-06 3.98550429e-01 1.14042469e-02 2.52006135e-01
 4.97947487e-01]
stepsize_vec:,[3.e-01 3.e-01 3.e-01 3.e-01 3.e-01 3.e-01 3.e-01 3.e-01 3.e-01 3.e-01
 3.e-01 3.e-01 3.e-01 3.e-01 3.e-01 3.e-01 2.e-07 1.e-01 2.e-01 1.e-01
 1.e-01]
step_ratio_vec:,[0.1 0.1 0.1 0.1 0.1 0.1 0.1 0.1 0.1 0.1 0.1 0.1 0.1 0.1 0.1 0.1 0.1 0.1
 0.1 0.1 0.1]
swap interval:,50
sim interval:,[      0.  250000.  500000.  750000. 1000000.]
likelihood_sed (T/F):,True
erodep_coords:,[[42 10]
 [39  8]
 [75 51]
 [59 13]
 [40  5]
 [ 6 20]
 [14 66]
 [ 4 40]
 [72 73]
 [46 64]]
sed scaling factor:,50
samples_per_chain:,500
burnin:,0.25
num params:,21
initial_proposed_vec:,[2.52615643e+00 3.37180757e-01 1.72957415e+00 2.53091452e+00
 4.09275143e-01 1.92742906e+00 8.61690460e-01 2.32063232e+00
 4.26293738e-01 2.49014108e+00 8.46108276e-01 5.79322538e-01
 1.31491435e-01 6.35350197e-01 1.26528976e+00 2.00160470e+00
 5.16219094e-06 3.98550429e-01 1.14042469e-02 2.52006135e-01
 4.97947487e-01]
stepsize_vec:,[3.e-01 3.e-01 3.e-01 3.e-01 3.e-01 3.e-01 3.e-01 3.e-01 3.e-01 3.e-01
 3.e-01 3.e-01 3.e-01 3.e-01 3.e-01 3.e-01 2.e-07 1.e-01 2.e-01 1.e-01
 1.e-01]
step_ratio_vec:,[0.1 0.1 0.1 0.1 0.1 0.1 0.1 0.1 0.1 0.1 0.1 0.1 0.1 0.1 0.1 0.1 0.1 0.1
 0.1 0.1 0.1]
swap interval:,50
sim interval:,[      0.  250000.  500000.  750000. 1000000.]
likelihood_sed (T/F):,True
erodep_coords:,[[42 10]
 [39  8]
 [75 51]
 [59 13]
 [40  5]
 [ 6 20]
 [14 66]
 [ 4 40]
 [72 73]
 [46 64]]
sed scaling factor:,50
samples_per_chain:,500
burnin:,0.25
num params:,21
initial_proposed_vec:,[2.52615643e+00 3.37180757e-01 1.72957415e+00 2.53091452e+00
 4.09275143e-01 1.92742906e+00 8.61690460e-01 2.32063232e+00
 4.26293738e-01 2.49014108e+00 8.46108276e-01 5.79322538e-01
 1.31491435e-01 6.35350197e-01 1.26528976e+00 2.00160470e+00
 5.16219094e-06 3.98550429e-01 1.14042469e-02 2.52006135e-01
 4.97947487e-01]
stepsize_vec:,[3.e-01 3.e-01 3.e-01 3.e-01 3.e-01 3.e-01 3.e-01 3.e-01 3.e-01 3.e-01
 3.e-01 3.e-01 3.e-01 3.e-01 3.e-01 3.e-01 2.e-07 1.e-01 2.e-01 1.e-01
 1.e-01]
step_ratio_vec:,[0.1 0.1 0.1 0.1 0.1 0.1 0.1 0.1 0.1 0.1 0.1 0.1 0.1 0.1 0.1 0.1 0.1 0.1
 0.1 0.1 0.1]
swap interval:,50
sim interval:,[      0.  250000.  500000.  750000. 1000000.]
likelihood_sed (T/F):,True
erodep_coords:,[[42 10]
 [39  8]
 [75 51]
 [59 13]
 [40  5]
 [ 6 20]
 [14 66]
 [ 4 40]
 [72 73]
 [46 64]]
sed scaling factor:,50
samples_per_chain:,500
burnin:,0.25
num params:,21
initial_proposed_vec:,[2.52615643e+00 3.37180757e-01 1.72957415e+00 2.53091452e+00
 4.09275143e-01 1.92742906e+00 8.61690460e-01 2.32063232e+00
 4.26293738e-01 2.49014108e+00 8.46108276e-01 5.79322538e-01
 1.31491435e-01 6.35350197e-01 1.26528976e+00 2.00160470e+00
 5.16219094e-06 3.98550429e-01 1.14042469e-02 2.52006135e-01
 4.97947487e-01]
stepsize_vec:,[3.e-01 3.e-01 3.e-01 3.e-01 3.e-01 3.e-01 3.e-01 3.e-01 3.e-01 3.e-01
 3.e-01 3.e-01 3.e-01 3.e-01 3.e-01 3.e-01 2.e-07 1.e-01 2.e-01 1.e-01
 1.e-01]
step_ratio_vec:,[0.1 0.1 0.1 0.1 0.1 0.1 0.1 0.1 0.1 0.1 0.1 0.1 0.1 0.1 0.1 0.1 0.1 0.1
 0.1 0.1 0.1]
swap interval:,50
sim interval:,[      0.  250000.  500000.  750000. 1000000.]
likelihood_sed (T/F):,True
erodep_coords:,[[42 10]
 [39  8]
 [75 51]
 [59 13]
 [40  5]
 [ 6 20]
 [14 66]
 [ 4 40]
 [72 73]
 [46 64]]
sed scaling factor:,50
samples_per_chain:,500
burnin:,0.25
num params:,21
initial_proposed_vec:,[2.52615643e+00 3.37180757e-01 1.72957415e+00 2.53091452e+00
 4.09275143e-01 1.92742906e+00 8.61690460e-01 2.32063232e+00
 4.26293738e-01 2.49014108e+00 8.46108276e-01 5.79322538e-01
 1.31491435e-01 6.35350197e-01 1.26528976e+00 2.00160470e+00
 5.16219094e-06 3.98550429e-01 1.14042469e-02 2.52006135e-01
 4.97947487e-01]
stepsize_vec:,[3.e-01 3.e-01 3.e-01 3.e-01 3.e-01 3.e-01 3.e-01 3.e-01 3.e-01 3.e-01
 3.e-01 3.e-01 3.e-01 3.e-01 3.e-01 3.e-01 2.e-07 1.e-01 2.e-01 1.e-01
 1.e-01]
step_ratio_vec:,[0.1 0.1 0.1 0.1 0.1 0.1 0.1 0.1 0.1 0.1 0.1 0.1 0.1 0.1 0.1 0.1 0.1 0.1
 0.1 0.1 0.1]
swap interval:,50
sim interval:,[      0.  250000.  500000.  750000. 1000000.]
likelihood_sed (T/F):,True
erodep_coords:,[[42 10]
 [39  8]
 [75 51]
 [59 13]
 [40  5]
 [ 6 20]
 [14 66]
 [ 4 40]
 [72 73]
 [46 64]]
sed scaling factor:,50