-110005.37000 -97343.57000
-118191.47000 -97343.57000
-122700.62000 -97343.57000
-122850.41000 -97343.57000
-122744.21000 -97343.57000
-111014.27000 -97343.57000
-120496.89000 -97343.57000
-118508.70000 -97343.57000
-124331.26000 -97343.57000
-117816.23000 -97343.57000
-122056.94000 -97343.57000
-121405.44000 -97343.57000
-117346.48000 -97343.57000
-113036.90000 -97343.57000
-122585.07000 -97343.57000
-117907.08000 -97343.57000
-117367.06000 -97343.57000
-123457.17000 -97343.57000
-121462.22000 -97343.57000
-125095.58000 -97343.57000
-118430.39000 -97343.57000
-123288.21000 -97343.57000
-123381.45000 -97343.57000
-119196.20000 -97343.57000
-121956.30000 -97343.57000
-114285.99000 -97343.57000
-120978.10000 -97343.57000
-119995.19000 -97343.57000
-122459.64000 -97343.57000
-125176.36000 -97343.57000
-119299.37000 -97343.57000
-122772.56000 -97343.57000
-123194.35000 -97343.57000
-121245.55000 -97343.57000
-112120.24000 -97343.57000
-130571.37000 -97343.57000
-120342.47000 -97343.57000
-123717.24000 -97343.57000
-122132.93000 -97343.57000
-116545.54000 -97343.57000
-123032.68000 -97343.57000
-123978.54000 -97343.57000
-117540.20000 -97343.57000
-119682.16000 -97343.57000
-122899.10000 -97343.57000
-122616.09000 -97343.57000
-122383.90000 -97343.57000
-124647.82000 -97343.57000
-120910.07000 -97343.57000
-120704.47000 -97343.57000
-125569.37000 -97343.57000
-118087.39000 -97343.57000
-115849.51000 -97343.57000
-123250.42000 -97343.57000
-121079.09000 -97343.57000
-118813.11000 -97343.57000
-119817.71000 -97343.57000
-121222.01000 -97343.57000
-124227.03000 -97343.57000
-122658.48000 -97343.57000
-118098.14000 -97343.57000
-122872.61000 -97343.57000
-123313.16000 -97343.57000
-122751.66000 -97343.57000
-122381.10000 -97343.57000
-111758.72000 -97343.57000
-125494.50000 -97343.57000
-123086.78000 -97343.57000
-126048.73000 -97343.57000
-124691.76000 -97343.57000
-121971.77000 -97343.57000
-119809.90000 -97343.57000
-120378.44000 -97343.57000
-113824.55000 -97343.57000
-116132.97000 -97343.57000
-121988.41000 -97343.57000
-121860.43000 -97343.57000
-124439.09000 -97343.57000
-114870.39000 -97343.57000
-106674.10000 -97343.57000
-121806.33000 -97343.57000
-121648.40000 -97343.57000
-116372.92000 -97343.57000
-121754.71000 -97343.57000
-122360.51000 -97343.57000
-122796.55000 -97343.57000
-122842.29000 -97343.57000
-114016.90000 -97343.57000
-121152.88000 -97343.57000
-124930.03000 -97343.57000
-122482.73000 -97343.57000
-124182.14000 -97343.57000
-123117.64000 -97343.57000
-115334.09000 -97343.57000
-117655.40000 -97343.57000
-120993.17000 -97343.57000
-122545.19000 -97343.57000
-114261.55000 -97343.57000
-121624.63000 -97343.57000
-123624.36000 -97343.57000
-121396.47000 -97343.57000
-118874.99000 -97343.57000
-120350.97000 -97343.57000
-119872.15000 -97343.57000
-124119.90000 -97343.57000
-123692.50000 -97343.57000
-121740.78000 -97343.57000
-122999.11000 -97343.57000
-120469.02000 -97343.57000
-120733.21000 -97343.57000
-113581.63000 -97343.57000
-117627.75000 -97343.57000
-122318.99000 -97343.57000
-115266.14000 -97343.57000
-117460.28000 -97343.57000
-118826.15000 -97343.57000
-124951.36000 -97343.57000
-122924.37000 -97343.57000
-121277.83000 -97343.57000
-119501.13000 -97343.57000
-121808.73000 -97343.57000
-124728.75000 -97343.57000
-119707.26000 -97343.57000
-122755.14000 -97343.57000
-121363.65000 -97343.57000
-118171.50000 -97343.57000
-122944.54000 -97343.57000
-123601.74000 -97343.57000
-124213.66000 -97343.57000
-117734.47000 -97343.57000
-120610.68000 -97343.57000
-115990.09000 -97343.57000
-123907.05000 -97343.57000
-120208.78000 -97343.57000
-126102.44000 -97343.57000
-120017.36000 -97343.57000
-117573.25000 -97343.57000
-123456.30000 -97343.57000
-122759.51000 -97343.57000
-124045.01000 -97343.57000
-124410.24000 -97343.57000
-122087.46000 -97343.57000
-121707.62000 -97343.57000
-120498.03000 -97343.57000
-119668.57000 -97343.57000
-122435.47000 -97343.57000
-122227.64000 -97343.57000
-124283.00000 -97343.57000
-120534.99000 -97343.57000
-124027.15000 -97343.57000
-119550.28000 -97343.57000
-123826.45000 -97343.57000
-120560.93000 -97343.57000
-124042.29000 -97343.57000
-125142.86000 -97343.57000
-123111.46000 -97343.57000
-114082.18000 -97343.57000
-122638.59000 -97343.57000
-120612.85000 -97343.57000
-124386.34000 -97343.57000
-120088.47000 -97343.57000
-117698.13000 -97343.57000
-125592.09000 -97343.57000
-120461.79000 -97343.57000
-126000.71000 -97343.57000
-124193.35000 -97343.57000
-117926.69000 -97343.57000
-123859.20000 -97343.57000
-120521.44000 -97343.57000
-119156.53000 -97343.57000
-123892.14000 -97343.57000
-122566.89000 -97343.57000
-123888.69000 -97343.57000
-119615.25000 -97343.57000
-124538.25000 -97343.57000
-123000.25000 -97343.57000
-116286.51000 -97343.57000
-123872.76000 -97343.57000
-121325.24000 -97343.57000
-116408.23000 -97343.57000
-123677.35000 -97343.57000
-111941.50000 -97343.57000
-121343.09000 -97343.57000
-118263.42000 -97343.57000
-125582.69000 -97343.57000
-114656.39000 -97343.57000
-122498.47000 -97343.57000
-122058.95000 -97343.57000
-123557.72000 -97343.57000
-122963.55000 -97343.57000
-121699.73000 -97343.57000
-123935.39000 -97343.57000
-118060.56000 -97343.57000
-120243.27000 -97343.57000
-124974.00000 -97343.57000
-114662.98000 -97343.57000
-124505.08000 -97343.57000
-122353.55000 -97343.57000
-124535.59000 -97343.57000
-121789.74000 -97343.57000
-123262.48000 -97343.57000
-118608.66000 -97343.57000
-119667.39000 -97343.57000
-115931.79000 -97343.57000
-123046.25000 -97343.57000
-122119.13000 -97343.57000
-115067.99000 -97343.57000
-121832.34000 -97343.57000
-121854.38000 -97343.57000
-116488.39000 -97343.57000
-123247.49000 -97343.57000
-110921.58000 -97343.57000
-122915.94000 -97343.57000
-118254.06000 -97343.57000
-117173.23000 -97343.57000
-123220.56000 -97343.57000
-122830.98000 -97343.57000
-123215.27000 -97343.57000
-119374.48000 -97343.57000
-123577.61000 -97343.57000
-121541.17000 -97343.57000
-119555.17000 -97343.57000
-122553.32000 -97343.57000
-126137.22000 -97343.57000
-119689.05000 -97343.57000
-121606.04000 -97343.57000
-119558.38000 -97343.57000
-121949.09000 -97343.57000
-123589.53000 -97343.57000
-114582.55000 -97343.57000
-121050.34000 -97343.57000
-105369.60000 -97343.57000
-114640.90000 -97343.57000
-122265.66000 -97343.57000
-120889.47000 -97343.57000
-119869.24000 -97343.57000
-122903.31000 -97343.57000
-121985.72000 -97343.57000
-123158.33000 -97343.57000
-126793.51000 -97343.57000
-109787.64000 -97343.57000
-122735.67000 -97343.57000
-121484.42000 -97343.57000
-121122.20000 -97343.57000
-124551.28000 -97343.57000
-122037.35000 -97343.57000
-121361.11000 -97343.57000
-121013.41000 -97343.57000
-119813.36000 -97343.57000
-123256.90000 -97343.57000
-125168.86000 -97343.57000
-119938.13000 -97343.57000
-117842.56000 -97343.57000
-123835.02000 -97343.57000
-121788.35000 -97343.57000
-116277.09000 -97343.57000
-104596.26000 -97343.57000
-127214.23000 -97343.57000
-124915.25000 -97343.57000
-121297.59000 -97343.57000
-122452.47000 -97343.57000
-123023.59000 -97343.57000
-123195.50000 -97343.57000
-111550.08000 -97343.57000
-123561.55000 -97343.57000
-117383.47000 -97343.57000
-123867.37000 -97343.57000
-117252.25000 -97343.57000
-124164.09000 -97343.57000
-125150.36000 -97343.57000
-118764.89000 -97343.57000
-124396.85000 -97343.57000
-122616.62000 -97343.57000
-121828.99000 -97343.57000
-119496.11000 -97343.57000
-115062.66000 -97343.57000
-115133.19000 -97343.57000
-121861.71000 -97343.57000
-120070.98000 -97343.57000
-121909.08000 -97343.57000
-127108.37000 -97343.57000
-115535.61000 -97343.57000
-114270.13000 -97343.57000
-117967.04000 -97343.57000
-123551.63000 -97343.57000
-118134.89000 -97343.57000
-116963.75000 -97343.57000
-124687.29000 -97343.57000
-121329.86000 -97343.57000
-126036.83000 -97343.57000
-115562.67000 -97343.57000
-120941.68000 -97343.57000
-122141.99000 -97343.57000
-125177.14000 -97343.57000
-124036.19000 -97343.57000
-118489.91000 -97343.57000
-124137.40000 -97343.57000
-124391.76000 -97343.57000
-122400.90000 -97343.57000
-129292.92000 -97343.57000
-122230.31000 -97343.57000
-122490.52000 -97343.57000
-111398.54000 -97343.57000
-124984.35000 -97343.57000
-124408.69000 -97343.57000
-120417.39000 -97343.57000
-123142.22000 -97343.57000
-121334.34000 -97343.57000
-122522.52000 -97343.57000
-118841.57000 -97343.57000
-124794.45000 -97343.57000
-122206.48000 -97343.57000
-117591.97000 -97343.57000
-113551.03000 -97343.57000
-121799.63000 -97343.57000
-114159.32000 -97343.57000
-122851.12000 -97343.57000
-121559.11000 -97343.57000
-116765.26000 -97343.57000
-121984.36000 -97343.57000
-116465.56000 -97343.57000
-123151.21000 -97343.57000
-116446.81000 -97343.57000
-122786.33000 -97343.57000
-122534.54000 -97343.57000
-123674.45000 -97343.57000
-123027.11000 -97343.57000
-119529.50000 -97343.57000
-120815.38000 -97343.57000
-120085.36000 -97343.57000
-123794.89000 -97343.57000
-111243.50000 -97343.57000
-120408.65000 -97343.57000
-122489.49000 -97343.57000
-113724.92000 -97343.57000
-119436.67000 -97343.57000
-121313.17000 -97343.57000
-115511.74000 -97343.57000
-117562.05000 -97343.57000
-118498.88000 -97343.57000
-120519.68000 -97343.57000
-124654.29000 -97343.57000
-119068.45000 -97343.57000
-120035.44000 -97343.57000
-122557.46000 -97343.57000
-121098.62000 -97343.57000
-123090.06000 -97343.57000
-119132.21000 -97343.57000
-123749.64000 -97343.57000
-124349.29000 -97343.57000
-122674.60000 -97343.57000
-121550.21000 -97343.57000
-120910.26000 -97343.57000
-120798.59000 -97343.57000
-123675.16000 -97343.57000
-123324.25000 -97343.57000
-123528.25000 -97343.57000
-119766.39000 -97343.57000
-117301.70000 -97343.57000
-124152.53000 -97343.57000
-122123.80000 -97343.57000
-122272.93000 -97343.57000
-122788.48000 -97343.57000
-124722.29000 -97343.57000
-124503.08000 -97343.57000
-122245.83000 -97343.57000
-123329.79000 -97343.57000
-122791.19000 -97343.57000
-123319.39000 -97343.57000
-121875.65000 -97343.57000
-123958.26000 -97343.57000
-120057.32000 -97343.57000
-124390.35000 -97343.57000
-116074.40000 -97343.57000
-122850.90000 -97343.57000
-95436.17000 -81534.00000
-95407.51000 -81534.00000
-99987.06000 -81534.00000
-95405.76000 -81534.00000
-95800.08000 -81534.00000
-95641.86000 -81534.00000
-104021.72000 -81534.00000
-95011.83000 -81534.00000
-93839.36000 -81534.00000
-89428.72000 -81534.00000
-93682.56000 -81534.00000
-93062.46000 -81534.00000
-93837.83000 -81534.00000
-95759.83000 -81534.00000
-95328.52000 -81534.00000
-96466.78000 -81534.00000
-92834.25000 -81534.00000
-94419.49000 -81534.00000
-97503.04000 -81534.00000
-96384.20000 -81534.00000
-96351.45000 -81534.00000
-91357.39000 -81534.00000
-95534.62000 -81534.00000
-93493.83000 -81534.00000
-97348.10000 -81534.00000
-96015.64000 -81534.00000
-100329.82000 -81534.00000
-95840.51000 -81534.00000
-85252.10000 -81534.00000
-87026.45000 -81534.00000
-93697.36000 -81534.00000
-94799.43000 -81534.00000
-93811.64000 -81534.00000
-93842.83000 -81534.00000
-85453.65000 -81534.00000
-87908.37000 -81534.00000
-91238.34000 -81534.00000
-95104.67000 -81534.00000
-94973.12000 -81534.00000
-93455.11000 -81534.00000
-97074.84000 -81534.00000
-87064.83000 -81534.00000
-91499.88000 -81534.00000
-95065.77000 -81534.00000
-95813.77000 -81534.00000
-89987.42000 -81534.00000
-89714.96000 -81534.00000
-86648.60000 -81534.00000
-97689.78000 -81534.00000
-94353.28000 -81534.00000
-88956.81000 -81534.00000
-95312.97000 -81534.00000
-88084.52000 -81534.00000
-95081.89000 -81534.00000
-95133.76000 -81534.00000
-93589.35000 -81534.00000
-97263.96000 -81534.00000
-95993.84000 -81534.00000
-90893.06000 -81534.00000
-95308.33000 -81534.00000
-88448.99000 -81534.00000
-89772.69000 -81534.00000
-92289.43000 -81534.00000
-88890.66000 -81534.00000
-96791.72000 -81534.00000
-95745.76000 -81534.00000
-93849.87000 -81534.00000
-96003.74000 -81534.00000
-93404.02000 -81534.00000
-93890.14000 -81534.00000
-101814.84000 -81534.00000
-96252.29000 -81534.00000
-95255.34000 -81534.00000
-95167.01000 -81534.00000
-97250.37000 -81534.00000
-97828.86000 -81534.00000
-94981.41000 -81534.00000
-95470.71000 -81534.00000
-90887.61000 -81534.00000
-95701.35000 -81534.00000
-92727.30000 -81534.00000
-89666.11000 -81534.00000
-89920.06000 -81534.00000
-94953.10000 -81534.00000
-93307.02000 -81534.00000
-88061.89000 -81534.00000
-91684.44000 -81534.00000
-88839.19000 -81534.00000
-95036.70000 -81534.00000
-94125.03000 -81534.00000
-96173.94000 -81534.00000
-93241.33000 -81534.00000
-90952.20000 -81534.00000
-95464.95000 -81534.00000
-90194.03000 -81534.00000
-86545.47000 -81534.00000
-94990.33000 -81534.00000
-93969.29000 -81534.00000
-96478.31000 -81534.00000
-88271.22000 -81534.00000
-90669.03000 -81534.00000
-100725.78000 -81534.00000
-90493.38000 -81534.00000
-94308.05000 -81534.00000
-96233.39000 -81534.00000
-96471.24000 -81534.00000
-94483.78000 -81534.00000
-88985.94000 -81534.00000
-92674.74000 -81534.00000
-96847.02000 -81534.00000
-97943.10000 -81534.00000
-94998.50000 -81534.00000
-92854.45000 -81534.00000
-92297.14000 -81534.00000
-93652.86000 -81534.00000
-95273.58000 -81534.00000
-95757.54000 -81534.00000
-95351.87000 -81534.00000
-96834.91000 -81534.00000
-93774.75000 -81534.00000
-90253.20000 -81534.00000
-96307.86000 -81534.00000
-95063.01000 -81534.00000
-95257.07000 -81534.00000
-94242.54000 -81534.00000
-92498.92000 -81534.00000
-84816.81000 -81534.00000
-84476.76000 -81534.00000
-94467.05000 -81534.00000
-96745.66000 -81534.00000
-98221.98000 -81534.00000
-92721.59000 -81534.00000
-101873.08000 -81534.00000
-95181.22000 -81534.00000
-95811.42000 -81534.00000
-86612.49000 -81534.00000
-93252.63000 -81534.00000
-93357.38000 -81534.00000
-99019.05000 -81534.00000
-93181.51000 -81534.00000
-96184.68000 -81534.00000
-95415.69000 -81534.00000
-95744.03000 -81534.00000
-92881.42000 -81534.00000
-95687.78000 -81534.00000
-98859.07000 -81534.00000
-93468.74000 -81534.00000
-93644.01000 -81534.00000
-97192.48000 -81534.00000
-90094.10000 -81534.00000
-95434.41000 -81534.00000
-93646.36000 -81534.00000
-94366.64000 -81534.00000
-95250.80000 -81534.00000
-90302.48000 -81534.00000
-93546.88000 -81534.00000
-97344.45000 -81534.00000
-94618.27000 -81534.00000
-98505.94000 -81534.00000
-90470.45000 -81534.00000
-100049.27000 -81534.00000
-89040.03000 -81534.00000
-93464.24000 -81534.00000
-82755.65000 -81534.00000
-92689.52000 -81534.00000
-94713.30000 -81534.00000
-93568.16000 -81534.00000
-96390.68000 -81534.00000
-91617.10000 -81534.00000
-94758.29000 -81534.00000
-92732.06000 -81534.00000
-95654.73000 -81534.00000
-98833.54000 -81534.00000
-88718.48000 -81534.00000
-92761.12000 -81534.00000
-95619.05000 -81534.00000
-94769.87000 -81534.00000
-92050.45000 -81534.00000
-95324.87000 -81534.00000
-100066.01000 -81534.00000
-89971.53000 -81534.00000
-98605.63000 -81534.00000
-95281.32000 -81534.00000
-94981.34000 -81534.00000
-92262.65000 -81534.00000
-96554.68000 -81534.00000
-99261.85000 -81534.00000
-93324.09000 -81534.00000
-94997.09000 -81534.00000
-95838.51000 -81534.00000
-94579.14000 -81534.00000
-93701.14000 -81534.00000
-98680.71000 -81534.00000
-93510.16000 -81534.00000
-98388.86000 -81534.00000
-96948.67000 -81534.00000
-90813.97000 -81534.00000
-95465.09000 -81534.00000
-95200.24000 -81534.00000
-91154.57000 -81534.00000
-85307.71000 -81534.00000
-97093.72000 -81534.00000
-94766.80000 -81534.00000
-95599.14000 -81534.00000
-94584.54000 -81534.00000
-93876.45000 -81534.00000
-95334.97000 -81534.00000
-94908.89000 -81534.00000
-95220.69000 -81534.00000
-97618.80000 -81534.00000
-88355.37000 -81534.00000
-95564.03000 -81534.00000
-94607.46000 -81534.00000
-95255.06000 -81534.00000
-96069.31000 -81534.00000
-83519.17000 -81534.00000
-89951.42000 -81534.00000
-89344.90000 -81534.00000
-85013.10000 -81534.00000
-94285.24000 -81534.00000
-95233.69000 -81534.00000
-96248.74000 -81534.00000
-87479.78000 -81534.00000
-91844.49000 -81534.00000
-96613.74000 -81534.00000
-93908.90000 -81534.00000
-94220.06000 -81534.00000
-96058.68000 -81534.00000
-87254.41000 -81534.00000
-92983.78000 -81534.00000
-93675.75000 -81534.00000
-91048.68000 -81534.00000
-95110.33000 -81534.00000
-93032.74000 -81534.00000
-95560.29000 -81534.00000
-95173.85000 -81534.00000
-88449.76000 -81534.00000
-96645.13000 -81534.00000
-93438.38000 -81534.00000
-92401.88000 -81534.00000
-92562.98000 -81534.00000
-95886.54000 -81534.00000
-94720.56000 -81534.00000
-96069.11000 -81534.00000
-93077.98000 -81534.00000
-94858.15000 -81534.00000
-94990.71000 -81534.00000
-94434.57000 -81534.00000
-89288.12000 -81534.00000
-94521.95000 -81534.00000
-94920.93000 -81534.00000
-94659.25000 -81534.00000
-93746.72000 -81534.00000
-86656.65000 -81534.00000
-96741.34000 -81534.00000
-93610.16000 -81534.00000
-94853.77000 -81534.00000
-95983.58000 -81534.00000
-95852.09000 -81534.00000
-94308.15000 -81534.00000
-95805.56000 -81534.00000
-94421.81000 -81534.00000
-94405.17000 -81534.00000
-94503.96000 -81534.00000
-101119.95000 -81534.00000
-93903.08000 -81534.00000
-94558.68000 -81534.00000
-94535.68000 -81534.00000
-95197.76000 -81534.00000
-95104.52000 -81534.00000
-95719.66000 -81534.00000
-87476.19000 -81534.00000
-96291.29000 -81534.00000
-90543.21000 -81534.00000
-98131.30000 -81534.00000
-86684.20000 -81534.00000
-95981.71000 -81534.00000
-97644.65000 -81534.00000
-93247.48000 -81534.00000
-87295.64000 -81534.00000
-96671.89000 -81534.00000
-96088.16000 -81534.00000
-94277.64000 -81534.00000
-97107.82000 -81534.00000
-94248.32000 -81534.00000
-91205.72000 -81534.00000
-92404.43000 -81534.00000
-98881.97000 -81534.00000
-94689.36000 -81534.00000
-98870.95000 -81534.00000
-93566.52000 -81534.00000
-88739.60000 -81534.00000
-91705.14000 -81534.00000
-88865.67000 -81534.00000
-95860.73000 -81534.00000
-94853.58000 -81534.00000
-95546.52000 -81534.00000
-96504.40000 -81534.00000
-95255.12000 -81534.00000
-94142.76000 -81534.00000
-87681.83000 -81534.00000
-94673.35000 -81534.00000
-94123.71000 -81534.00000
-91191.45000 -81534.00000
-88851.47000 -81534.00000
-90302.99000 -81534.00000
-95884.05000 -81534.00000
-95015.52000 -81534.00000
-96348.14000 -81534.00000
-93583.85000 -81534.00000
-96814.33000 -81534.00000
-90501.49000 -81534.00000
-94560.85000 -81534.00000
-96836.94000 -81534.00000
-96595.88000 -81534.00000
-90862.01000 -81534.00000
-95647.08000 -81534.00000
-96369.26000 -81534.00000
-94439.80000 -81534.00000
-92605.65000 -81534.00000
-92704.63000 -81534.00000
-90211.38000 -81534.00000
-93218.23000 -81534.00000
-91018.03000 -81534.00000
-95164.36000 -81534.00000
-90295.89000 -81534.00000
-88267.12000 -81534.00000
-95817.37000 -81534.00000
-88988.70000 -81534.00000
-94562.90000 -81534.00000
-88082.19000 -81534.00000
-95141.12000 -81534.00000
-95931.88000 -81534.00000
-93976.85000 -81534.00000
-89081.44000 -81534.00000
-94183.50000 -81534.00000
-95125.34000 -81534.00000
-87560.94000 -81534.00000
-89643.41000 -81534.00000
-96997.13000 -81534.00000
-93434.85000 -81534.00000
-95945.81000 -81534.00000
-95896.96000 -81534.00000
-86024.60000 -81534.00000
-93874.79000 -81534.00000
-93696.18000 -81534.00000
-91080.72000 -81534.00000
-93812.20000 -81534.00000
-90820.75000 -81534.00000
-92598.98000 -81534.00000
-103570.11000 -81534.00000
-92423.06000 -81534.00000
-92930.84000 -81534.00000
-92088.14000 -81534.00000
-92062.94000 -81534.00000
-99000.98000 -81534.00000
-90141.03000 -81534.00000
-102086.12000 -81534.00000
-85023.51000 -81534.00000
-91266.78000 -81534.00000
-95534.65000 -81534.00000
-89512.72000 -81534.00000
-92023.33000 -81534.00000
-97450.77000 -81534.00000
-92513.11000 -81534.00000
-92783.93000 -81534.00000
-86029.23000 -81534.00000
-96430.33000 -81534.00000
-93938.47000 -81534.00000
-98184.85000 -81534.00000
-93391.56000 -81534.00000
-94460.08000 -81534.00000
-96079.85000 -81534.00000
-92064.93000 -81534.00000
-93533.98000 -81534.00000
-72455.21000 -65631.13000
-75792.95000 -65631.13000
-72588.60000 -65631.13000
-70418.54000 -65631.13000
-73827.48000 -65631.13000
-65160.60000 -65160.60000
-66402.15000 -65160.60000
-75173.16000 -65160.60000
-72365.46000 -65160.60000
-74237.24000 -65160.60000
-73859.01000 -65160.60000
-74560.65000 -65160.60000
-67386.89000 -65160.60000
-71840.17000 -65160.60000
-73575.33000 -65160.60000
-70056.39000 -65160.60000
-73001.61000 -65160.60000
-73670.58000 -65160.60000
-75682.31000 -65160.60000
-70021.56000 -65160.60000
-74869.09000 -65160.60000
-74666.70000 -65160.60000
-68599.41000 -65160.60000
-73978.56000 -65160.60000
-73242.55000 -65160.60000
-73563.52000 -65160.60000
-73601.69000 -65160.60000
-67607.27000 -65160.60000
-72201.57000 -65160.60000
-72910.63000 -65160.60000
-68685.18000 -65160.60000
-73986.72000 -65160.60000
-72517.74000 -65160.60000
-68601.44000 -65160.60000
-74367.29000 -65160.60000
-73481.02000 -65160.60000
-76436.36000 -65160.60000
-71547.82000 -65160.60000
-73526.25000 -65160.60000
-62814.09000 -62814.09000
-69388.09000 -62814.09000
-70613.69000 -62814.09000
-72484.19000 -62814.09000
-72309.12000 -62814.09000
-74129.83000 -62814.09000
-73909.21000 -62814.09000
-75403.34000 -62814.09000
-73368.82000 -62814.09000
-74742.55000 -62814.09000
-74614.77000 -62814.09000
-73602.75000 -62814.09000
-73616.21000 -62814.09000
-75046.92000 -62814.09000
-71693.85000 -62814.09000
-74030.71000 -62814.09000
-74480.74000 -62814.09000
-68109.97000 -62814.09000
-65508.11000 -62814.09000
-72405.31000 -62814.09000
-72688.62000 -62814.09000
-72324.13000 -62814.09000
-74238.50000 -62814.09000
-73271.68000 -62814.09000
-72041.33000 -62814.09000
-71809.66000 -62814.09000
-75671.12000 -62814.09000
-70921.08000 -62814.09000
-72131.92000 -62814.09000
-71839.77000 -62814.09000
-73898.19000 -62814.09000
-72622.25000 -62814.09000
-73308.68000 -62814.09000
-74046.66000 -62814.09000
-74869.17000 -62814.09000
-72874.74000 -62814.09000
-67998.07000 -62814.09000
-72907.98000 -62814.09000
-68158.36000 -62814.09000
-74807.34000 -62814.09000
-73271.33000 -62814.09000
-73075.51000 -62814.09000
-73938.86000 -62814.09000
-73074.64000 -62814.09000
-68333.04000 -62814.09000
-74881.77000 -62814.09000
-73914.67000 -62814.09000
-74326.23000 -62814.09000
-71049.06000 -62814.09000
-74431.30000 -62814.09000
-74281.22000 -62814.09000
-74944.88000 -62814.09000
-74510.39000 -62814.09000
-73777.87000 -62814.09000
-74573.18000 -62814.09000
-74119.34000 -62814.09000
-73033.39000 -62814.09000
-72833.29000 -62814.09000
-75502.66000 -62814.09000
-74201.03000 -62814.09000
-74362.20000 -62814.09000
-71475.29000 -62814.09000
-74399.19000 -62814.09000
-73101.02000 -62814.09000
-69302.83000 -62814.09000
-74449.12000 -62814.09000
-70753.31000 -62814.09000
-73899.75000 -62814.09000
-66926.34000 -62814.09000
-72412.68000 -62814.09000
-72728.20000 -62814.09000
-75942.08000 -62814.09000
-74453.74000 -62814.09000
-72586.75000 -62814.09000
-70684.01000 -62814.09000
-72554.18000 -62814.09000
-74442.26000 -62814.09000
-74745.42000 -62814.09000
-72097.75000 -62814.09000
-73630.17000 -62814.09000
-74729.70000 -62814.09000
-70862.21000 -62814.09000
-72347.03000 -62814.09000
-73594.00000 -62814.09000
-74242.91000 -62814.09000
-73548.47000 -62814.09000
-66218.47000 -62814.09000
-66821.99000 -62814.09000
-73746.08000 -62814.09000
-72138.18000 -62814.09000
-71022.90000 -62814.09000
-74671.88000 -62814.09000
-76084.22000 -62814.09000
-74998.40000 -62814.09000
-71475.93000 -62814.09000
-73346.41000 -62814.09000
-70214.36000 -62814.09000
-73179.29000 -62814.09000
-73189.20000 -62814.09000
-72914.42000 -62814.09000
-74284.52000 -62814.09000
-73670.44000 -62814.09000
-73906.84000 -62814.09000
-73646.29000 -62814.09000
-72476.25000 -62814.09000
-73411.00000 -62814.09000
-73952.14000 -62814.09000
-73172.86000 -62814.09000
-73242.36000 -62814.09000
-72843.84000 -62814.09000
-73439.56000 -62814.09000
-70204.80000 -62814.09000
-70524.71000 -62814.09000
-71000.15000 -62814.09000
-72566.76000 -62814.09000
-70360.37000 -62814.09000
-74049.69000 -62814.09000
-69995.99000 -62814.09000
-75311.78000 -62814.09000
-73114.42000 -62814.09000
-68866.60000 -62814.09000
-71850.44000 -62814.09000
-71802.58000 -62814.09000
-73869.81000 -62814.09000
-70713.13000 -62814.09000
-74357.92000 -62814.09000
-70094.61000 -62814.09000
-73381.90000 -62814.09000
-73948.70000 -62814.09000
-64298.94000 -62814.09000
-74943.38000 -62814.09000
-73245.67000 -62814.09000
-72733.76000 -62814.09000
-72072.25000 -62814.09000
-73092.56000 -62814.09000
-69163.63000 -62814.09000
-71600.61000 -62814.09000
-72662.06000 -62814.09000
-71781.44000 -62814.09000
-74790.11000 -62814.09000
-73284.08000 -62814.09000
-73029.01000 -62814.09000
-68970.94000 -62814.09000
-69154.20000 -62814.09000
-64937.38000 -62814.09000
-72490.65000 -62814.09000
-68826.89000 -62814.09000
-68898.55000 -62814.09000
-70539.70000 -62814.09000
-73586.22000 -62814.09000
-68854.88000 -62814.09000
-71617.90000 -62814.09000
-73680.36000 -62814.09000
-72669.02000 -62814.09000
-74190.17000 -62814.09000
-70176.40000 -62814.09000
-71831.89000 -62814.09000
-73458.43000 -62814.09000
-71874.73000 -62814.09000
-74071.91000 -62814.09000
-72194.16000 -62814.09000
-72966.66000 -62814.09000
-72983.48000 -62814.09000
-73359.34000 -62814.09000
-72011.32000 -62814.09000
-67796.00000 -62814.09000
-74484.40000 -62814.09000
-72691.74000 -62814.09000
-70729.00000 -62814.09000
-73623.46000 -62814.09000
-73971.44000 -62814.09000
-67441.77000 -62814.09000
-69935.35000 -62814.09000
-71046.11000 -62814.09000
-74544.63000 -62814.09000
-69464.01000 -62814.09000
-69380.44000 -62814.09000
-73621.86000 -62814.09000
-71040.48000 -62814.09000
-73608.45000 -62814.09000
-70742.38000 -62814.09000
-71632.91000 -62814.09000
-72994.48000 -62814.09000
-73415.22000 -62814.09000
-72657.37000 -62814.09000
-73123.65000 -62814.09000
-73437.78000 -62814.09000
-69380.77000 -62814.09000
-74466.38000 -62814.09000
-73328.64000 -62814.09000
-74684.78000 -62814.09000
-72228.84000 -62814.09000
-73608.19000 -62814.09000
-74400.76000 -62814.09000
-71977.34000 -62814.09000
-73373.68000 -62814.09000
-75323.44000 -62814.09000
-71784.57000 -62814.09000
-72187.05000 -62814.09000
-68765.88000 -62814.09000
-73048.39000 -62814.09000
-73720.23000 -62814.09000
-72709.79000 -62814.09000
-73776.83000 -62814.09000
-73430.66000 -62814.09000
-74145.82000 -62814.09000
-73555.10000 -62814.09000
-74066.99000 -62814.09000
-70636.10000 -62814.09000
-69754.45000 -62814.09000
-74017.33000 -62814.09000
-75029.44000 -62814.09000
-72522.77000 -62814.09000
-72310.81000 -62814.09000
-72761.92000 -62814.09000
-70740.44000 -62814.09000
-74986.40000 -62814.09000
-74652.67000 -62814.09000
-73251.89000 -62814.09000
-67406.95000 -62814.09000
-65938.20000 -62814.09000
-73098.45000 -62814.09000
-73447.25000 -62814.09000
-74277.84000 -62814.09000
-74989.51000 -62814.09000
-74001.12000 -62814.09000
-72534.69000 -62814.09000
-73822.88000 -62814.09000
-67098.55000 -62814.09000
-74806.47000 -62814.09000
-71286.28000 -62814.09000
-71930.19000 -62814.09000
-72941.28000 -62814.09000
-72293.00000 -62814.09000
-71487.12000 -62814.09000
-72979.36000 -62814.09000
-68384.57000 -62814.09000
-71810.76000 -62814.09000
-75473.30000 -62814.09000
-71557.49000 -62814.09000
-72618.37000 -62814.09000
-69489.88000 -62814.09000
-72630.66000 -62814.09000
-72263.07000 -62814.09000
-73210.87000 -62814.09000
-73600.12000 -62814.09000
-69299.55000 -62814.09000
-71329.93000 -62814.09000
-73197.01000 -62814.09000
-72254.43000 -62814.09000
-70731.26000 -62814.09000
-73615.32000 -62814.09000
-73170.71000 -62814.09000
-73579.70000 -62814.09000
-74575.48000 -62814.09000
-73941.49000 -62814.09000
-73628.44000 -62814.09000
-71531.57000 -62814.09000
-75451.72000 -62814.09000
-70464.02000 -62814.09000
-74664.90000 -62814.09000
-74311.69000 -62814.09000
-73510.09000 -62814.09000
-76135.63000 -62814.09000
-66326.93000 -62814.09000
-73798.89000 -62814.09000
-67185.27000 -62814.09000
-71243.75000 -62814.09000
-72452.07000 -62814.09000
-70470.99000 -62814.09000
-74097.31000 -62814.09000
-68814.19000 -62814.09000
-73313.36000 -62814.09000
-72722.17000 -62814.09000
-63155.97000 -62814.09000
-72937.48000 -62814.09000
-71774.48000 -62814.09000
-67478.38000 -62814.09000
-73317.29000 -62814.09000
-71173.87000 -62814.09000
-72189.69000 -62814.09000
-70422.91000 -62814.09000
-68640.07000 -62814.09000
-73348.47000 -62814.09000
-70175.72000 -62814.09000
-73058.48000 -62814.09000
-74507.26000 -62814.09000
-73557.94000 -62814.09000
-73089.87000 -62814.09000
-74361.95000 -62814.09000
-74382.35000 -62814.09000
-66627.81000 -62814.09000
-69272.81000 -62814.09000
-74929.24000 -62814.09000
-74267.91000 -62814.09000
-76092.37000 -62814.09000
-73830.89000 -62814.09000
-73717.75000 -62814.09000
-74729.04000 -62814.09000
-73707.02000 -62814.09000
-71200.26000 -62814.09000
-73792.87000 -62814.09000
-72235.35000 -62814.09000
-74249.93000 -62814.09000
-72807.22000 -62814.09000
-66902.77000 -62814.09000
-74980.29000 -62814.09000
-73676.34000 -62814.09000
-66982.26000 -62814.09000
-74363.21000 -62814.09000
-73934.63000 -62814.09000
-70062.77000 -62814.09000
-72471.97000 -62814.09000
-71209.38000 -62814.09000
-73593.34000 -62814.09000
-74838.58000 -62814.09000
-71658.25000 -62814.09000
-66991.07000 -62814.09000
-72274.23000 -62814.09000
-73446.04000 -62814.09000
-70674.63000 -62814.09000
-75000.60000 -62814.09000
-72432.92000 -62814.09000
-72334.65000 -62814.09000
-74074.70000 -62814.09000
-74258.21000 -62814.09000
-73859.74000 -62814.09000
-74402.19000 -62814.09000
-73511.38000 -62814.09000
-71901.74000 -62814.09000
-72963.46000 -62814.09000
-68597.49000 -62814.09000
-72778.61000 -62814.09000
-72370.36000 -62814.09000
-73919.64000 -62814.09000
-74834.03000 -62814.09000
-51278.27000 -49824.89000
-57225.36000 -49824.89000
-56463.63000 -49824.89000
-56756.29000 -49824.89000
-55843.67000 -49824.89000
-57193.03000 -49824.89000
-58261.40000 -49824.89000
-55958.21000 -49824.89000
-54255.53000 -49824.89000
-57236.99000 -49824.89000
-54636.78000 -49824.89000
-53786.33000 -49824.89000
-56123.23000 -49824.89000
-54212.96000 -49824.89000
-56171.78000 -49824.89000
-55809.93000 -49824.89000
-57192.86000 -49824.89000
-55210.72000 -49824.89000
-57275.55000 -49824.89000
-54313.34000 -49824.89000
-52800.37000 -49824.89000
-55898.14000 -49824.89000
-55464.22000 -49824.89000
-52980.83000 -49824.89000
-56718.19000 -49824.89000
-56010.44000 -49824.89000
-56983.25000 -49824.89000
-53853.43000 -49824.89000
-56729.04000 -49824.89000
-60922.08000 -49824.89000
-52624.34000 -49824.89000
-57683.24000 -49824.89000
-57218.29000 -49824.89000
-56655.15000 -49824.89000
-55411.17000 -49824.89000
-55788.49000 -49824.89000
-56991.11000 -49824.89000
-57017.74000 -49824.89000
-52493.67000 -49824.89000
-55671.36000 -49824.89000
-57204.51000 -49824.89000
-56219.00000 -49824.89000
-56390.53000 -49824.89000
-52178.74000 -49824.89000
-57015.04000 -49824.89000
-56928.67000 -49824.89000
-58613.73000 -49824.89000
-57658.08000 -49824.89000
-52984.27000 -49824.89000
-57276.69000 -49824.89000
-58598.73000 -49824.89000
-54853.65000 -49824.89000
-57666.61000 -49824.89000
-56941.57000 -49824.89000
-56419.23000 -49824.89000
-55616.11000 -49824.89000
-57010.23000 -49824.89000
-56305.26000 -49824.89000
-56774.28000 -49824.89000
-57039.46000 -49824.89000
-59101.56000 -49824.89000
-56338.19000 -49824.89000
-57590.98000 -49824.89000
-56570.23000 -49824.89000
-54432.74000 -49824.89000
-57444.21000 -49824.89000
-52114.62000 -49824.89000
-55990.41000 -49824.89000
-58038.93000 -49824.89000
-57302.62000 -49824.89000
-56493.62000 -49824.89000
-56728.98000 -49824.89000
-57846.56000 -49824.89000
-56711.33000 -49824.89000
-57253.37000 -49824.89000
-56114.70000 -49824.89000
-55638.17000 -49824.89000
-62141.66000 -49824.89000
-56960.18000 -49824.89000
-56584.87000 -49824.89000
-55724.85000 -49824.89000
-56694.31000 -49824.89000
-57037.76000 -49824.89000
-55819.09000 -49824.89000
-57334.37000 -49824.89000
-57857.76000 -49824.89000
-54226.55000 -49824.89000
-56313.08000 -49824.89000
-52877.26000 -49824.89000
-55040.92000 -49824.89000
-57693.38000 -49824.89000
-56388.62000 -49824.89000
-55850.32000 -49824.89000
-55481.19000 -49824.89000
-53847.35000 -49824.89000
-56594.20000 -49824.89000
-54897.13000 -49824.89000
-54384.25000 -49824.89000
-56908.46000 -49824.89000
-57587.67000 -49824.89000
-56453.00000 -49824.89000
-56680.33000 -49824.89000
-56726.60000 -49824.89000
-55803.41000 -49824.89000
-58155.16000 -49824.89000
-55790.15000 -49824.89000
-56784.71000 -49824.89000
-56593.98000 -49824.89000
-56031.06000 -49824.89000
-53014.52000 -49824.89000
-57393.28000 -49824.89000
-52082.05000 -49824.89000
-56871.79000 -49824.89000
-56643.87000 -49824.89000
-56998.33000 -49824.89000
-55408.29000 -49824.89000
-56965.99000 -49824.89000
-53755.54000 -49824.89000
-57349.31000 -49824.89000
-57353.42000 -49824.89000
-54423.45000 -49824.89000
-57152.42000 -49824.89000
-57258.66000 -49824.89000
-58300.83000 -49824.89000
-56355.99000 -49824.89000
-57312.17000 -49824.89000
-57118.72000 -49824.89000
-57798.49000 -49824.89000
-58013.15000 -49824.89000
-56376.20000 -49824.89000
-57113.06000 -49824.89000
-57283.14000 -49824.89000
-57815.38000 -49824.89000
-51278.12000 -49824.89000
-57135.54000 -49824.89000
-56415.22000 -49824.89000
-56775.14000 -49824.89000
-55862.10000 -49824.89000
-57072.08000 -49824.89000
-56152.46000 -49824.89000
-51082.07000 -49824.89000
-54355.44000 -49824.89000
-57590.54000 -49824.89000
-56038.38000 -49824.89000
-52500.95000 -49824.89000
-57025.77000 -49824.89000
-57426.57000 -49824.89000
-49966.94000 -49824.89000
-56644.28000 -49824.89000
-53640.90000 -49824.89000
-57343.76000 -49824.89000
-51752.61000 -49824.89000
-54955.95000 -49824.89000
-57452.70000 -49824.89000
-59171.02000 -49824.89000
-56382.92000 -49824.89000
-56618.31000 -49824.89000
-55367.38000 -49824.89000
-55546.02000 -49824.89000
-58021.17000 -49824.89000
-53725.45000 -49824.89000
-55319.48000 -49824.89000
-53188.91000 -49824.89000
-57316.85000 -49824.89000
-53297.90000 -49824.89000
-55069.77000 -49824.89000
-58562.35000 -49824.89000
-56090.49000 -49824.89000
-57079.48000 -49824.89000
-57549.74000 -49824.89000
-57025.31000 -49824.89000
-57618.01000 -49824.89000
-56959.97000 -49824.89000
-52391.38000 -49824.89000
-56132.05000 -49824.89000
-56131.19000 -49824.89000
-57096.96000 -49824.89000
-54615.16000 -49824.89000
-57115.01000 -49824.89000
-57048.71000 -49824.89000
-53191.63000 -49824.89000
-52516.10000 -49824.89000
-55743.74000 -49824.89000
-56631.94000 -49824.89000
-56057.39000 -49824.89000
-58140.91000 -49824.89000
-53283.05000 -49824.89000
-52548.94000 -49824.89000
-58036.78000 -49824.89000
-55327.41000 -49824.89000
-54483.87000 -49824.89000
-52053.44000 -49824.89000
-55942.35000 -49824.89000
-55517.73000 -49824.89000
-55363.16000 -49824.89000
-56600.86000 -49824.89000
-57452.56000 -49824.89000
-55550.11000 -49824.89000
-58163.38000 -49824.89000
-58833.34000 -49824.89000
-58356.95000 -49824.89000
-56444.58000 -49824.89000
-55733.10000 -49824.89000
-57326.08000 -49824.89000
-56674.08000 -49824.89000
-55592.12000 -49824.89000
-58206.10000 -49824.89000
-56799.34000 -49824.89000
-58474.22000 -49824.89000
-56454.29000 -49824.89000
-55886.15000 -49824.89000
-57549.84000 -49824.89000
-56779.90000 -49824.89000
-56188.49000 -49824.89000
-53623.91000 -49824.89000
-55849.14000 -49824.89000
-53488.25000 -49824.89000
-56674.59000 -49824.89000
-52705.43000 -49824.89000
-55736.32000 -49824.89000
-51206.15000 -49824.89000
-56941.41000 -49824.89000
-56725.48000 -49824.89000
-56750.03000 -49824.89000
-56811.22000 -49824.89000
-56939.67000 -49824.89000
-56434.75000 -49824.89000
-57248.14000 -49824.89000
-54972.00000 -49824.89000
-53166.32000 -49824.89000
-56881.49000 -49824.89000
-56942.98000 -49824.89000
-55032.69000 -49824.89000
-58565.66000 -49824.89000
-58040.27000 -49824.89000
-54269.35000 -49824.89000
-57322.15000 -49824.89000
-60833.94000 -49824.89000
-56427.82000 -49824.89000
-53691.17000 -49824.89000
-56986.59000 -49824.89000
-56948.40000 -49824.89000
-55387.15000 -49824.89000
-57372.51000 -49824.89000
-55196.86000 -49824.89000
-56595.89000 -49824.89000
-57836.56000 -49824.89000
-56277.89000 -49824.89000
-53289.89000 -49824.89000
-56818.67000 -49824.89000
-55593.96000 -49824.89000
-56898.38000 -49824.89000
-56566.79000 -49824.89000
-56345.57000 -49824.89000
-57142.45000 -49824.89000
-57417.70000 -49824.89000
-58448.48000 -49824.89000
-53916.43000 -49824.89000
-56755.53000 -49824.89000
-56593.51000 -49824.89000
-55170.58000 -49824.89000
-57802.81000 -49824.89000
-58113.37000 -49824.89000
-57710.64000 -49824.89000
-55064.92000 -49824.89000
-55407.96000 -49824.89000
-56588.43000 -49824.89000
-56475.64000 -49824.89000
-55682.27000 -49824.89000
-56255.14000 -49824.89000
-58418.51000 -49824.89000
-56910.86000 -49824.89000
-57709.95000 -49824.89000
-53406.26000 -49824.89000
-54958.28000 -49824.89000
-55503.15000 -49824.89000
-56716.91000 -49824.89000
-55834.90000 -49824.89000
-55710.27000 -49824.89000
-53150.32000 -49824.89000
-54416.04000 -49824.89000
-60030.67000 -49824.89000
-55043.05000 -49824.89000
-55976.94000 -49824.89000
-56571.55000 -49824.89000
-58069.68000 -49824.89000
-57712.89000 -49824.89000
-57827.31000 -49824.89000
-58347.33000 -49824.89000
-56241.75000 -49824.89000
-54945.84000 -49824.89000
-55958.27000 -49824.89000
-57774.39000 -49824.89000
-47530.12000 -47530.12000
-56047.39000 -47530.12000
-56912.28000 -47530.12000
-55549.68000 -47530.12000
-56462.85000 -47530.12000
-56042.53000 -47530.12000
-58115.47000 -47530.12000
-57101.32000 -47530.12000
-53391.95000 -47530.12000
-53951.13000 -47530.12000
-57791.47000 -47530.12000
-55897.66000 -47530.12000
-56367.94000 -47530.12000
-55712.27000 -47530.12000
-57018.78000 -47530.12000
-57230.10000 -47530.12000
-54385.78000 -47530.12000
-57109.76000 -47530.12000
-55533.89000 -47530.12000
-55481.48000 -47530.12000
-57654.35000 -47530.12000
-58501.18000 -47530.12000
-56411.11000 -47530.12000
-57005.47000 -47530.12000
-58084.41000 -47530.12000
-56633.89000 -47530.12000
-60939.04000 -47530.12000
-57735.73000 -47530.12000
-53578.86000 -47530.12000
-54825.33000 -47530.12000
-56869.96000 -47530.12000
-56649.79000 -47530.12000
-57136.29000 -47530.12000
-56805.84000 -47530.12000
-56738.43000 -47530.12000
-55791.53000 -47530.12000
-53348.93000 -47530.12000
-54497.34000 -47530.12000
-56653.64000 -47530.12000
-57516.95000 -47530.12000
-56727.55000 -47530.12000
-57105.17000 -47530.12000
-57158.01000 -47530.12000
-57009.11000 -47530.12000
-56325.70000 -47530.12000
-52525.82000 -47530.12000
-55715.82000 -47530.12000
-55048.72000 -47530.12000
-56438.63000 -47530.12000
-57070.54000 -47530.12000
-54067.67000 -47530.12000
-57554.01000 -47530.12000
-56502.42000 -47530.12000
-54637.66000 -47530.12000
-56438.72000 -47530.12000
-56740.21000 -47530.12000
-56023.42000 -47530.12000
-57292.94000 -47530.12000
-56624.59000 -47530.12000
-56853.36000 -47530.12000
-56920.38000 -47530.12000
-56395.74000 -47530.12000
-51770.82000 -47530.12000
-58158.79000 -47530.12000
-55945.93000 -47530.12000
-56560.65000 -47530.12000
-55412.63000 -47530.12000
-56497.69000 -47530.12000
-52490.59000 -47530.12000
-56830.72000 -47530.12000
-54678.33000 -47530.12000
-56695.49000 -47530.12000
-58097.08000 -47530.12000
-54864.57000 -47530.12000
-56470.67000 -47530.12000
-55874.21000 -47530.12000
-55759.05000 -47530.12000
-58203.25000 -47530.12000
-55088.96000 -47530.12000
-58519.88000 -47530.12000
-56338.89000 -47530.12000
-54451.75000 -47530.12000
-45040.45000 -39052.20000
-44416.88000 -39052.20000
-42977.28000 -39052.20000
-44850.36000 -39052.20000
-43909.18000 -39052.20000
-40439.80000 -39052.20000
-43326.27000 -39052.20000
-44438.29000 -39052.20000
-44820.72000 -39052.20000
-38944.87000 -38944.87000
-43948.03000 -38944.87000
-43978.28000 -38944.87000
-44887.62000 -38944.87000
-42224.99000 -38944.87000
-44957.18000 -38944.87000
-42841.08000 -38944.87000
-44787.54000 -38944.87000
-42935.73000 -38944.87000
-43058.53000 -38944.87000
-44001.24000 -38944.87000
-43720.99000 -38944.87000
-42705.67000 -38944.87000
-44169.83000 -38944.87000
-44061.21000 -38944.87000
-45655.61000 -38944.87000
-40844.34000 -38944.87000
-44235.35000 -38944.87000
-44312.78000 -38944.87000
-43022.14000 -38944.87000
-42676.10000 -38944.87000
-40677.09000 -38944.87000
-43682.27000 -38944.87000
-43644.21000 -38944.87000
-40912.94000 -38944.87000
-42011.10000 -38944.87000
-42302.92000 -38944.87000
-45473.76000 -38944.87000
-42519.14000 -38944.87000
-44479.42000 -38944.87000
-44924.07000 -38944.87000
-42931.16000 -38944.87000
-43995.53000 -38944.87000
-37736.54000 -37736.54000
-43016.59000 -37736.54000
-49839.02000 -37736.54000
-44837.18000 -37736.54000
-44024.64000 -37736.54000
-42776.22000 -37736.54000
-42082.67000 -37736.54000
-42944.64000 -37736.54000
-44068.84000 -37736.54000
-45475.35000 -37736.54000
-44282.11000 -37736.54000
-44371.21000 -37736.54000
-43716.13000 -37736.54000
-41806.24000 -37736.54000
-44019.53000 -37736.54000
-45667.04000 -37736.54000
-41519.53000 -37736.54000
-43890.19000 -37736.54000
-45248.91000 -37736.54000
-43785.01000 -37736.54000
-44635.64000 -37736.54000
-44246.39000 -37736.54000
-43840.05000 -37736.54000
-44015.59000 -37736.54000
-43973.24000 -37736.54000
-43809.99000 -37736.54000
-44893.45000 -37736.54000
-43160.24000 -37736.54000
-43419.12000 -37736.54000
-43068.01000 -37736.54000
-44447.14000 -37736.54000
-43713.53000 -37736.54000
-42175.14000 -37736.54000
-43758.33000 -37736.54000
-43986.03000 -37736.54000
-43864.42000 -37736.54000
-44610.80000 -37736.54000
-44648.53000 -37736.54000
-43228.69000 -37736.54000
-43251.44000 -37736.54000
-42932.94000 -37736.54000
-41789.84000 -37736.54000
-44088.42000 -37736.54000
-45358.19000 -37736.54000
-43318.97000 -37736.54000
-44174.36000 -37736.54000
-44068.70000 -37736.54000
-44205.37000 -37736.54000
-40709.27000 -37736.54000
-44429.65000 -37736.54000
-39356.56000 -37736.54000
-45031.11000 -37736.54000
-42749.16000 -37736.54000
-44029.89000 -37736.54000
-44166.92000 -37736.54000
-43782.47000 -37736.54000
-42792.85000 -37736.54000
-43346.31000 -37736.54000
-42707.30000 -37736.54000
-44325.13000 -37736.54000
-44567.36000 -37736.54000
-44075.73000 -37736.54000
-45488.22000 -37736.54000
-44135.71000 -37736.54000
-43006.31000 -37736.54000
-44068.90000 -37736.54000
-43011.99000 -37736.54000
-43901.19000 -37736.54000
-42362.60000 -37736.54000
-43249.03000 -37736.54000
-45863.73000 -37736.54000
-42332.42000 -37736.54000
-44377.88000 -37736.54000
-42497.39000 -37736.54000
-43412.53000 -37736.54000
-43702.34000 -37736.54000
-40233.62000 -37736.54000
-43089.41000 -37736.54000
-41473.08000 -37736.54000
-44186.74000 -37736.54000
-42823.64000 -37736.54000
-45691.43000 -37736.54000
-45810.45000 -37736.54000
-41454.10000 -37736.54000
-44642.36000 -37736.54000
-39481.82000 -37736.54000
-44298.22000 -37736.54000
-39391.59000 -37736.54000
-40318.74000 -37736.54000
-43882.42000 -37736.54000
-45237.74000 -37736.54000
-44179.93000 -37736.54000
-45453.36000 -37736.54000
-44363.03000 -37736.54000
-44736.85000 -37736.54000
-42290.63000 -37736.54000
-43240.56000 -37736.54000
-43827.05000 -37736.54000
-43150.77000 -37736.54000
-43979.21000 -37736.54000
-44311.73000 -37736.54000
-45095.34000 -37736.54000
-44399.12000 -37736.54000
-41235.60000 -37736.54000
-44670.22000 -37736.54000
-43264.90000 -37736.54000
-43034.76000 -37736.54000
-43368.09000 -37736.54000
-44847.38000 -37736.54000
-42425.83000 -37736.54000
-43801.38000 -37736.54000
-43628.54000 -37736.54000
-44164.83000 -37736.54000
-44612.44000 -37736.54000
-43686.89000 -37736.54000
-41610.78000 -37736.54000
-44468.04000 -37736.54000
-43491.17000 -37736.54000
-43725.64000 -37736.54000
-43755.61000 -37736.54000
-42423.88000 -37736.54000
-43726.27000 -37736.54000
-43720.39000 -37736.54000
-43316.65000 -37736.54000
-43985.72000 -37736.54000
-43466.12000 -37736.54000
-44704.35000 -37736.54000
-43830.19000 -37736.54000
-43941.13000 -37736.54000
-44468.76000 -37736.54000
-43910.33000 -37736.54000
-44373.15000 -37736.54000
-44789.77000 -37736.54000
-44032.60000 -37736.54000
-41870.78000 -37736.54000
-42740.21000 -37736.54000
-44443.05000 -37736.54000
-44172.47000 -37736.54000
-45196.25000 -37736.54000
-43302.08000 -37736.54000
-44054.34000 -37736.54000
-44495.54000 -37736.54000
-43942.54000 -37736.54000
-44732.94000 -37736.54000
-41148.57000 -37736.54000
-44904.98000 -37736.54000
-44916.00000 -37736.54000
-44424.98000 -37736.54000
-44242.01000 -37736.54000
-44709.31000 -37736.54000
-43785.01000 -37736.54000
-41701.89000 -37736.54000
-43747.57000 -37736.54000
-43280.96000 -37736.54000
-43823.37000 -37736.54000
-43802.27000 -37736.54000
-44248.11000 -37736.54000
-42973.23000 -37736.54000
-42112.88000 -37736.54000
-40178.88000 -37736.54000
-43803.39000 -37736.54000
-45352.93000 -37736.54000
-43915.80000 -37736.54000
-45001.80000 -37736.54000
-44303.62000 -37736.54000
-43881.82000 -37736.54000
-44445.09000 -37736.54000
-43523.43000 -37736.54000
-43365.94000 -37736.54000
-38263.55000 -37736.54000
-42963.34000 -37736.54000
-44662.81000 -37736.54000
-43593.63000 -37736.54000
-43666.49000 -37736.54000
-43183.09000 -37736.54000
-42566.94000 -37736.54000
-44143.45000 -37736.54000
-40715.93000 -37736.54000
-43370.83000 -37736.54000
-41862.22000 -37736.54000
-42768.71000 -37736.54000
-44021.50000 -37736.54000
-44060.91000 -37736.54000
-39968.32000 -37736.54000
-45349.91000 -37736.54000
-43869.22000 -37736.54000
-43256.40000 -37736.54000
-43446.37000 -37736.54000
-44866.09000 -37736.54000
-42080.06000 -37736.54000
-41866.33000 -37736.54000
-43040.41000 -37736.54000
-44819.03000 -37736.54000
-43168.52000 -37736.54000
-43851.58000 -37736.54000
-41703.53000 -37736.54000
-44721.02000 -37736.54000
-39630.17000 -37736.54000
-43975.67000 -37736.54000
-43270.22000 -37736.54000
-42661.58000 -37736.54000
-43129.80000 -37736.54000
-44423.98000 -37736.54000
-43747.49000 -37736.54000
-45364.85000 -37736.54000
-42915.98000 -37736.54000
-43492.97000 -37736.54000
-43124.78000 -37736.54000
-44386.22000 -37736.54000
-42476.68000 -37736.54000
-44754.06000 -37736.54000
-42031.06000 -37736.54000
-41707.78000 -37736.54000
-44586.04000 -37736.54000
-44000.83000 -37736.54000
-40675.72000 -37736.54000
-44558.99000 -37736.54000
-43685.45000 -37736.54000
-43565.82000 -37736.54000
-40512.01000 -37736.54000
-39339.07000 -37736.54000
-43379.60000 -37736.54000
-43168.57000 -37736.54000
-42787.62000 -37736.54000
-44666.76000 -37736.54000
-41574.96000 -37736.54000
-44274.80000 -37736.54000
-42805.39000 -37736.54000
-44038.51000 -37736.54000
-44002.03000 -37736.54000
-42098.10000 -37736.54000
-43418.57000 -37736.54000
-43466.92000 -37736.54000
-43298.85000 -37736.54000
-42921.78000 -37736.54000
-43420.18000 -37736.54000
-44035.61000 -37736.54000
-42467.04000 -37736.54000
-40237.24000 -37736.54000
-43106.46000 -37736.54000
-44708.58000 -37736.54000
-45066.00000 -37736.54000
-45947.29000 -37736.54000
-42159.79000 -37736.54000
-43256.41000 -37736.54000
-43294.16000 -37736.54000
-44300.76000 -37736.54000
-44221.78000 -37736.54000
-38804.26000 -37736.54000
-45258.19000 -37736.54000
-43039.95000 -37736.54000
-41637.53000 -37736.54000
-43820.28000 -37736.54000
-45061.37000 -37736.54000
-43888.75000 -37736.54000
-41875.43000 -37736.54000
-44308.60000 -37736.54000
-44779.74000 -37736.54000
-43476.22000 -37736.54000
-44061.80000 -37736.54000
-45837.71000 -37736.54000
-45257.16000 -37736.54000
-44763.84000 -37736.54000
-43748.43000 -37736.54000
-41721.81000 -37736.54000
-41741.81000 -37736.54000
-44027.59000 -37736.54000
-44625.41000 -37736.54000
-44088.42000 -37736.54000
-44349.22000 -37736.54000
-40970.04000 -37736.54000
-45249.88000 -37736.54000
-43721.52000 -37736.54000
-44090.51000 -37736.54000
-44855.72000 -37736.54000
-45052.23000 -37736.54000
-42678.81000 -37736.54000
-44660.43000 -37736.54000
-43140.98000 -37736.54000
-41709.20000 -37736.54000
-43633.67000 -37736.54000
-43865.84000 -37736.54000
-43083.88000 -37736.54000
-38244.61000 -37736.54000
-43824.41000 -37736.54000
-44289.38000 -37736.54000
-40167.89000 -37736.54000
-44312.86000 -37736.54000
-44249.15000 -37736.54000
-37596.15000 -37596.15000
-43527.82000 -37596.15000
-44987.06000 -37596.15000
-43421.61000 -37596.15000
-42225.92000 -37596.15000
-42552.27000 -37596.15000
-43856.15000 -37596.15000
-45552.69000 -37596.15000
-44547.31000 -37596.15000
-44230.59000 -37596.15000
-43419.41000 -37596.15000
-43854.72000 -37596.15000
-42526.79000 -37596.15000
-41680.79000 -37596.15000
-43491.76000 -37596.15000
-44030.74000 -37596.15000
-44876.37000 -37596.15000
-43284.77000 -37596.15000
-44456.41000 -37596.15000
-44752.43000 -37596.15000
-44778.16000 -37596.15000
-45203.10000 -37596.15000
-41693.50000 -37596.15000
-44987.21000 -37596.15000
-40621.06000 -37596.15000
-44214.60000 -37596.15000
-44842.18000 -37596.15000
-43786.01000 -37596.15000
-41379.24000 -37596.15000
-44312.32000 -37596.15000
-44093.57000 -37596.15000
-42613.84000 -37596.15000
-44097.48000 -37596.15000
-45710.82000 -37596.15000
-46230.95000 -37596.15000
-45406.35000 -37596.15000
-43079.81000 -37596.15000
-43609.72000 -37596.15000
-44192.86000 -37596.15000
-44015.19000 -37596.15000
-43790.89000 -37596.15000
-43909.33000 -37596.15000
-44106.21000 -37596.15000
-44331.24000 -37596.15000
-33059.00000 -29974.25000
-33963.89000 -29974.25000
-34491.38000 -29974.25000
-33013.90000 -29974.25000
-33305.83000 -29974.25000
-34245.37000 -29974.25000
-33795.43000 -29974.25000
-34164.15000 -29974.25000
-32647.96000 -29974.25000
-33988.78000 -29974.25000
-34045.94000 -29974.25000
-32986.61000 -29974.25000
-32966.31000 -29974.25000
-34049.13000 -29974.25000
-34052.33000 -29974.25000
-34928.32000 -29974.25000
-31429.18000 -29974.25000
-33043.81000 -29974.25000
-33925.84000 -29974.25000
-34420.84000 -29974.25000
-34313.66000 -29974.25000
-35270.37000 -29974.25000
-33756.22000 -29974.25000
-33065.20000 -29974.25000
-33820.34000 -29974.25000
-35145.43000 -29974.25000
-34151.42000 -29974.25000
-32911.03000 -29974.25000
-31932.82000 -29974.25000
-35063.64000 -29974.25000
-33804.67000 -29974.25000
-33325.16000 -29974.25000
-33759.01000 -29974.25000
-33438.49000 -29974.25000
-31646.92000 -29974.25000
-34230.15000 -29974.25000
-34463.16000 -29974.25000
-34031.45000 -29974.25000
-33463.25000 -29974.25000
-33962.70000 -29974.25000
-34100.48000 -29974.25000
-34552.78000 -29974.25000
-34051.88000 -29974.25000
-32507.84000 -29974.25000
-32590.25000 -29974.25000
-32337.18000 -29974.25000
-34473.90000 -29974.25000
-32533.75000 -29974.25000
-32436.87000 -29974.25000
-33532.69000 -29974.25000
-33323.30000 -29974.25000
-34530.70000 -29974.25000
-33819.93000 -29974.25000
-33366.63000 -29974.25000
-33453.18000 -29974.25000
-34212.09000 -29974.25000
-31616.96000 -29974.25000
-34735.09000 -29974.25000
-31399.55000 -29974.25000
-32807.02000 -29974.25000
-33192.82000 -29974.25000
-35067.57000 -29974.25000
-33429.75000 -29974.25000
-34096.72000 -29974.25000
-34161.76000 -29974.25000
-32957.32000 -29974.25000
-34375.43000 -29974.25000
-34694.69000 -29974.25000
-34468.34000 -29974.25000
-33008.59000 -29974.25000
-33816.29000 -29974.25000
-33935.62000 -29974.25000
-33629.88000 -29974.25000
-34387.77000 -29974.25000
-33609.83000 -29974.25000
-34665.50000 -29974.25000
-33530.35000 -29974.25000
-34642.88000 -29974.25000
-34789.08000 -29974.25000
-32646.02000 -29974.25000
-33724.35000 -29974.25000
-32876.84000 -29974.25000
-34058.89000 -29974.25000
-32904.02000 -29974.25000
-34389.08000 -29974.25000
-31950.05000 -29974.25000
-33399.92000 -29974.25000
-34449.67000 -29974.25000
-34594.97000 -29974.25000
-33844.44000 -29974.25000
-33962.25000 -29974.25000
-34371.88000 -29974.25000
-34793.87000 -29974.25000
-33508.01000 -29974.25000
-35141.16000 -29974.25000
-34656.36000 -29974.25000
-31445.17000 -29974.25000
-34863.28000 -29974.25000
-33869.03000 -29974.25000
-34271.14000 -29974.25000
-33473.08000 -29974.25000
-34507.98000 -29974.25000
-33945.09000 -29974.25000
-34069.26000 -29974.25000
-30711.84000 -29974.25000
-34818.81000 -29974.25000
-33586.33000 -29974.25000
-33497.68000 -29974.25000
-34111.34000 -29974.25000
-34172.51000 -29974.25000
-34868.06000 -29974.25000
-33954.75000 -29974.25000
-34223.98000 -29974.25000
-33197.59000 -29974.25000
-34115.76000 -29974.25000
-34817.49000 -29974.25000
-34674.92000 -29974.25000
-33887.31000 -29974.25000
-34236.00000 -29974.25000
-35093.44000 -29974.25000
-32860.19000 -29974.25000
-34831.77000 -29974.25000
-35005.45000 -29974.25000
-34154.47000 -29974.25000
-33806.14000 -29974.25000
-34847.12000 -29974.25000
-34889.33000 -29974.25000
-33739.03000 -29974.25000
-31282.00000 -29974.25000
-33655.30000 -29974.25000
-34603.16000 -29974.25000
-33234.43000 -29974.25000
-32384.11000 -29974.25000
-33742.24000 -29974.25000
-34161.19000 -29974.25000
-34460.74000 -29974.25000
-34265.16000 -29974.25000
-34956.45000 -29974.25000
-33740.20000 -29974.25000
-33760.04000 -29974.25000
-32933.94000 -29974.25000
-31552.87000 -29974.25000
-32090.84000 -29974.25000
-34575.53000 -29974.25000
-34554.01000 -29974.25000
-34988.51000 -29974.25000
-33815.03000 -29974.25000
-34933.08000 -29974.25000
-34292.36000 -29974.25000
-34630.74000 -29974.25000
-33808.12000 -29974.25000
-34570.32000 -29974.25000
-34430.66000 -29974.25000
-34726.35000 -29974.25000
-32425.09000 -29974.25000
-32589.67000 -29974.25000
-32951.80000 -29974.25000
-32465.98000 -29974.25000
-34356.99000 -29974.25000
-34722.16000 -29974.25000
-31884.17000 -29974.25000
-32583.36000 -29974.25000
-32000.80000 -29974.25000
-33472.79000 -29974.25000
-34729.43000 -29974.25000
-33105.88000 -29974.25000
-34364.34000 -29974.25000
-34232.22000 -29974.25000
-33153.08000 -29974.25000
-34668.90000 -29974.25000
-34352.13000 -29974.25000
-33921.28000 -29974.25000
-32637.74000 -29974.25000
-32227.59000 -29974.25000
-32388.76000 -29974.25000
-34251.56000 -29974.25000
-33923.24000 -29974.25000
-33462.92000 -29974.25000
-35046.84000 -29974.25000
-33887.57000 -29974.25000
-33214.28000 -29974.25000
-34507.50000 -29974.25000
-30961.59000 -29974.25000
-35350.91000 -29974.25000
-31053.81000 -29974.25000
-34766.76000 -29974.25000
-32161.17000 -29974.25000
-33837.62000 -29974.25000
-30332.20000 -29974.25000
-35250.99000 -29974.25000
-33786.98000 -29974.25000
-34193.55000 -29974.25000
-34710.27000 -29974.25000
-33817.87000 -29974.25000
-33664.45000 -29974.25000
-33877.99000 -29974.25000
-34076.09000 -29974.25000
-33586.84000 -29974.25000
-33569.87000 -29974.25000
-34043.50000 -29974.25000
-32782.10000 -29974.25000
-32539.67000 -29974.25000
-33696.46000 -29974.25000
-33395.71000 -29974.25000
-32838.30000 -29974.25000
-34577.50000 -29974.25000
-35584.81000 -29974.25000
-33764.83000 -29974.25000
-35183.71000 -29974.25000
-34708.00000 -29974.25000
-33947.24000 -29974.25000
-34637.10000 -29974.25000
-34702.13000 -29974.25000
-34271.83000 -29974.25000
-34532.54000 -29974.25000
-32867.34000 -29974.25000
-34506.78000 -29974.25000
-34434.51000 -29974.25000
-33434.73000 -29974.25000
-32908.50000 -29974.25000
-33833.98000 -29974.25000
-34794.27000 -29974.25000
-34687.42000 -29974.25000
-33090.33000 -29974.25000
-33024.22000 -29974.25000
-33430.66000 -29974.25000
-32882.86000 -29974.25000
-34144.03000 -29974.25000
-34772.56000 -29974.25000
-33950.86000 -29974.25000
-33621.58000 -29974.25000
-33900.44000 -29974.25000
-33791.88000 -29974.25000
-31008.84000 -29974.25000
-34478.49000 -29974.25000
-33816.34000 -29974.25000
-34059.04000 -29974.25000
-32791.12000 -29974.25000
-34117.56000 -29974.25000
-34030.34000 -29974.25000
-34072.34000 -29974.25000
-33491.18000 -29974.25000
-32791.78000 -29974.25000
-34602.38000 -29974.25000
-33697.52000 -29974.25000
-33525.43000 -29974.25000
-35365.80000 -29974.25000
-33870.00000 -29974.25000
-33860.52000 -29974.25000
-34055.15000 -29974.25000
-34298.32000 -29974.25000
-33122.59000 -29974.25000
-34468.51000 -29974.25000
-34522.96000 -29974.25000
-34848.89000 -29974.25000
-34261.95000 -29974.25000
-31635.82000 -29974.25000
-34465.40000 -29974.25000
-34424.46000 -29974.25000
-34453.91000 -29974.25000
-33691.22000 -29974.25000
-31945.22000 -29974.25000
-33151.00000 -29974.25000
-33260.27000 -29974.25000
-33069.45000 -29974.25000
-34015.64000 -29974.25000
-34007.90000 -29974.25000
-33875.54000 -29974.25000
-33488.32000 -29974.25000
-34377.24000 -29974.25000
-34144.14000 -29974.25000
-34124.53000 -29974.25000
-34217.11000 -29974.25000
-34473.13000 -29974.25000
-34274.05000 -29974.25000
-29466.62000 -29466.62000
-33748.32000 -29466.62000
-33346.50000 -29466.62000
-31861.37000 -29466.62000
-34103.05000 -29466.62000
-32718.32000 -29466.62000
-33334.97000 -29466.62000
-33849.65000 -29466.62000
-34500.03000 -29466.62000
-34265.57000 -29466.62000
-32693.74000 -29466.62000
-34262.03000 -29466.62000
-33007.91000 -29466.62000
-34641.95000 -29466.62000
-33975.76000 -29466.62000
-34149.37000 -29466.62000
-34049.58000 -29466.62000
-34131.36000 -29466.62000
-32866.84000 -29466.62000
-33467.17000 -29466.62000
-33358.19000 -29466.62000
-32595.09000 -29466.62000
-30221.48000 -29466.62000
-31937.96000 -29466.62000
-31404.82000 -29466.62000
-33349.22000 -29466.62000
-32589.02000 -29466.62000
-30551.06000 -29466.62000
-33218.35000 -29466.62000
-34045.05000 -29466.62000
-33773.08000 -29466.62000
-33825.69000 -29466.62000
-33994.70000 -29466.62000
-34831.38000 -29466.62000
-33122.91000 -29466.62000
-34419.27000 -29466.62000
-33452.82000 -29466.62000
-32572.98000 -29466.62000
-32800.04000 -29466.62000
-34557.59000 -29466.62000
-32829.29000 -29466.62000
-33781.03000 -29466.62000
-30454.54000 -29466.62000
-34227.75000 -29466.62000
-34303.06000 -29466.62000
-33737.72000 -29466.62000
-33744.66000 -29466.62000
-33475.97000 -29466.62000
-33411.63000 -29466.62000
-32482.55000 -29466.62000
-33893.84000 -29466.62000
-34743.32000 -29466.62000
-33060.99000 -29466.62000
-34401.65000 -29466.62000
-33402.36000 -29466.62000
-30848.81000 -29466.62000
-33870.83000 -29466.62000
-33840.31000 -29466.62000
-34968.63000 -29466.62000
-33988.77000 -29466.62000
-33438.70000 -29466.62000
-34083.69000 -29466.62000
-34366.04000 -29466.62000
-33692.06000 -29466.62000
-30641.29000 -29466.62000
-34224.52000 -29466.62000
-30614.25000 -29466.62000
-34486.90000 -29466.62000
-33548.53000 -29466.62000
-32781.57000 -29466.62000
-34875.26000 -29466.62000
-33987.32000 -29466.62000
-33040.08000 -29466.62000
-33550.00000 -29466.62000
-32627.68000 -29466.62000
-33591.31000 -29466.62000
-33800.65000 -29466.62000
-33990.86000 -29466.62000
-34451.28000 -29466.62000
-34609.14000 -29466.62000
-33965.19000 -29466.62000
-32224.17000 -29466.62000
-33458.73000 -29466.62000
-33532.90000 -29466.62000
-34622.50000 -29466.62000
-34026.75000 -29466.62000
-34153.47000 -29466.62000
-34574.23000 -29466.62000
-33685.71000 -29466.62000
-33360.21000 -29466.62000
-33771.62000 -29466.62000
-34196.19000 -29466.62000
-34363.06000 -29466.62000
-34563.81000 -29466.62000
-34563.61000 -29466.62000
-32017.74000 -29466.62000
-33672.78000 -29466.62000
-33212.47000 -29466.62000
-33465.29000 -29466.62000
-32184.26000 -29466.62000
-25491.35000 -22324.29000
-26826.36000 -22324.29000
-26281.52000 -22324.29000
-26404.61000 -22324.29000
-26010.73000 -22324.29000
-26757.20000 -22324.29000
-26245.63000 -22324.29000
-23775.81000 -22324.29000
-27222.37000 -22324.29000
-26169.72000 -22324.29000
-26526.65000 -22324.29000
-26555.71000 -22324.29000
-26439.34000 -22324.29000
-26058.80000 -22324.29000
-26310.71000 -22324.29000
-26009.48000 -22324.29000
-26229.92000 -22324.29000
-24519.58000 -22324.29000
-26173.37000 -22324.29000
-26530.59000 -22324.29000
-26651.78000 -22324.29000
-26073.80000 -22324.29000
-25817.14000 -22324.29000
-24046.71000 -22324.29000
-26346.51000 -22324.29000
-27128.52000 -22324.29000
-24745.35000 -22324.29000
-26008.78000 -22324.29000
-26014.83000 -22324.29000
-26423.38000 -22324.29000
-24768.69000 -22324.29000
-26364.60000 -22324.29000
-25999.00000 -22324.29000
-26098.30000 -22324.29000
-26494.50000 -22324.29000
-25781.77000 -22324.29000
-26111.87000 -22324.29000
-26543.93000 -22324.29000
-26579.92000 -22324.29000
-26530.34000 -22324.29000
-27143.82000 -22324.29000
-27023.18000 -22324.29000
-24790.43000 -22324.29000
-23955.97000 -22324.29000
-26170.96000 -22324.29000
-26707.83000 -22324.29000
-26294.35000 -22324.29000
-25208.71000 -22324.29000
-26230.85000 -22324.29000
-26913.92000 -22324.29000
-26511.89000 -22324.29000
-26761.55000 -22324.29000
-26700.60000 -22324.29000
-27206.39000 -22324.29000
-26559.43000 -22324.29000
-25168.19000 -22324.29000
-27265.29000 -22324.29000
-25683.97000 -22324.29000
-26112.01000 -22324.29000
-27154.98000 -22324.29000
-26557.83000 -22324.29000
-26643.89000 -22324.29000
-26082.86000 -22324.29000
-26293.66000 -22324.29000
-26826.65000 -22324.29000
-26783.77000 -22324.29000
-26672.36000 -22324.29000
-27050.18000 -22324.29000
-26293.94000 -22324.29000
-25923.73000 -22324.29000
-26549.32000 -22324.29000
-25708.02000 -22324.29000
-26073.58000 -22324.29000
-25455.03000 -22324.29000
-25892.16000 -22324.29000
-26269.54000 -22324.29000
-26168.10000 -22324.29000
-26954.74000 -22324.29000
-26359.18000 -22324.29000
-26800.85000 -22324.29000
-26193.21000 -22324.29000
-26803.86000 -22324.29000
-26639.74000 -22324.29000
-24377.64000 -22324.29000
-26563.89000 -22324.29000
-25586.42000 -22324.29000
-27813.59000 -22324.29000
-26585.18000 -22324.29000
-25886.57000 -22324.29000
-24996.69000 -22324.29000
-26219.32000 -22324.29000
-25525.66000 -22324.29000
-25080.11000 -22324.29000
-26182.16000 -22324.29000
-25748.48000 -22324.29000
-26749.24000 -22324.29000
-26422.29000 -22324.29000
-26001.97000 -22324.29000
-25583.58000 -22324.29000
-26130.54000 -22324.29000
-26215.97000 -22324.29000
-26032.65000 -22324.29000
-25602.47000 -22324.29000
-25301.63000 -22324.29000
-28181.94000 -22324.29000
-26012.37000 -22324.29000
-25596.69000 -22324.29000
-25865.94000 -22324.29000
-25990.96000 -22324.29000
-25871.11000 -22324.29000
-24721.77000 -22324.29000
-26514.83000 -22324.29000
-24625.91000 -22324.29000
-25421.72000 -22324.29000
-26414.30000 -22324.29000
-25864.46000 -22324.29000
-24021.44000 -22324.29000
-26075.02000 -22324.29000
-27195.52000 -22324.29000
-26523.21000 -22324.29000
-26233.85000 -22324.29000
-25092.42000 -22324.29000
-26440.38000 -22324.29000
-25915.63000 -22324.29000
-26317.97000 -22324.29000
-27367.23000 -22324.29000
-26564.03000 -22324.29000
-26222.37000 -22324.29000
-25292.47000 -22324.29000
-26712.47000 -22324.29000
-25993.38000 -22324.29000
-26492.83000 -22324.29000
-26806.92000 -22324.29000
-25772.48000 -22324.29000
-27170.52000 -22324.29000
-25371.04000 -22324.29000
-26174.79000 -22324.29000
-26223.74000 -22324.29000
-26182.23000 -22324.29000
-27205.45000 -22324.29000
-26888.74000 -22324.29000
-26520.58000 -22324.29000
-25283.06000 -22324.29000
-29014.17000 -22324.29000
-26955.73000 -22324.29000
-25845.60000 -22324.29000
-26585.54000 -22324.29000
-26222.87000 -22324.29000
-23298.80000 -22324.29000
-25044.55000 -22324.29000
-24499.36000 -22324.29000
-25648.98000 -22324.29000
-26224.58000 -22324.29000
-27622.06000 -22324.29000
-26558.92000 -22324.29000
-25800.68000 -22324.29000
-24471.89000 -22324.29000
-25587.58000 -22324.29000
-26215.34000 -22324.29000
-26692.05000 -22324.29000
-26041.99000 -22324.29000
-26377.73000 -22324.29000
-25776.83000 -22324.29000
-26597.00000 -22324.29000
-26832.93000 -22324.29000
-25349.43000 -22324.29000
-25894.96000 -22324.29000
-24968.69000 -22324.29000
-26533.91000 -22324.29000
-26168.93000 -22324.29000
-26664.18000 -22324.29000
-27065.55000 -22324.29000
-25978.12000 -22324.29000
-23721.01000 -22324.29000
-26267.79000 -22324.29000
-26250.15000 -22324.29000
-26563.48000 -22324.29000
-25495.73000 -22324.29000
-26481.82000 -22324.29000
-26379.70000 -22324.29000
-26506.75000 -22324.29000
-26082.65000 -22324.29000
-26586.28000 -22324.29000
-26185.03000 -22324.29000
-25965.34000 -22324.29000
-25817.75000 -22324.29000
-24552.35000 -22324.29000
-26426.06000 -22324.29000
-26160.84000 -22324.29000
-27170.05000 -22324.29000
-26701.07000 -22324.29000
-25298.58000 -22324.29000
-26233.85000 -22324.29000
-26470.19000 -22324.29000
-24129.09000 -22324.29000
-25587.25000 -22324.29000
-25638.77000 -22324.29000
-25385.72000 -22324.29000
-26107.68000 -22324.29000
-25451.76000 -22324.29000
-26809.64000 -22324.29000
-25715.71000 -22324.29000
-25252.15000 -22324.29000
-26763.10000 -22324.29000
-26078.40000 -22324.29000
-27361.49000 -22324.29000
-27235.20000 -22324.29000
-25933.18000 -22324.29000
-26573.97000 -22324.29000
-25821.30000 -22324.29000
-23009.44000 -22324.29000
-25014.28000 -22324.29000
-26110.90000 -22324.29000
-25452.73000 -22324.29000
-26716.14000 -22324.29000
-26257.19000 -22324.29000
-26138.36000 -22324.29000
-26619.95000 -22324.29000
-25431.99000 -22324.29000
-26189.47000 -22324.29000
-25428.80000 -22324.29000
-26098.66000 -22324.29000
-26151.40000 -22324.29000
-26781.70000 -22324.29000
-25596.07000 -22324.29000
-25710.00000 -22324.29000
-26498.41000 -22324.29000
-26490.01000 -22324.29000
-26213.51000 -22324.29000
-23995.06000 -22324.29000
-26285.74000 -22324.29000
-26337.60000 -22324.29000
-26491.26000 -22324.29000
-23171.08000 -22324.29000
-26832.00000 -22324.29000
-26704.55000 -22324.29000
-25754.50000 -22324.29000
-27431.75000 -22324.29000
-26157.62000 -22324.29000
-24778.10000 -22324.29000
-27271.34000 -22324.29000
-27052.37000 -22324.29000
-25716.75000 -22324.29000
-25974.24000 -22324.29000
-24411.09000 -22324.29000
-25892.23000 -22324.29000
-26205.78000 -22324.29000
-26023.36000 -22324.29000
-26549.38000 -22324.29000
-27231.99000 -22324.29000
-26524.95000 -22324.29000
-25820.20000 -22324.29000
-26567.61000 -22324.29000
-26180.80000 -22324.29000
-25029.36000 -22324.29000
-25375.93000 -22324.29000
-26514.24000 -22324.29000
-26184.31000 -22324.29000
-26503.95000 -22324.29000
-25860.12000 -22324.29000
-26486.24000 -22324.29000
-25928.25000 -22324.29000
-26533.24000 -22324.29000
-26413.69000 -22324.29000
-24939.05000 -22324.29000
-26573.27000 -22324.29000
-26933.17000 -22324.29000
-26575.25000 -22324.29000
-24837.45000 -22324.29000
-26396.08000 -22324.29000
-23282.67000 -22324.29000
-25979.77000 -22324.29000
-26242.59000 -22324.29000
-26571.27000 -22324.29000
-25304.70000 -22324.29000
-26868.55000 -22324.29000
-26830.05000 -22324.29000
-26620.89000 -22324.29000
-26305.79000 -22324.29000
-26226.52000 -22324.29000
-26377.90000 -22324.29000
-26761.51000 -22324.29000
-25592.53000 -22324.29000
-26096.12000 -22324.29000
-26336.37000 -22324.29000
-26919.95000 -22324.29000
-25416.85000 -22324.29000
-28507.42000 -22324.29000
-26200.25000 -22324.29000
-26626.64000 -22324.29000
-26398.81000 -22324.29000
-26547.29000 -22324.29000
-26481.09000 -22324.29000
-25968.41000 -22324.29000
-25623.51000 -22324.29000
-26752.49000 -22324.29000
-24721.71000 -22324.29000
-26518.66000 -22324.29000
-25457.11000 -22324.29000
-25875.12000 -22324.29000
-26306.23000 -22324.29000
-23841.76000 -22324.29000
-26948.38000 -22324.29000
-26029.29000 -22324.29000
-25156.64000 -22324.29000
-25451.87000 -22324.29000
-26414.08000 -22324.29000
-27376.42000 -22324.29000
-25241.20000 -22324.29000
-24998.75000 -22324.29000
-24344.99000 -22324.29000
-26742.53000 -22324.29000
-25584.54000 -22324.29000
-26325.33000 -22324.29000
-27161.55000 -22324.29000
-26617.42000 -22324.29000
-25067.50000 -22324.29000
-27067.51000 -22324.29000
-25608.33000 -22324.29000
-26161.71000 -22324.29000
-27101.20000 -22324.29000
-25252.97000 -22324.29000
-24503.48000 -22324.29000
-24001.21000 -22324.29000
-27008.73000 -22324.29000
-26602.70000 -22324.29000
-26282.26000 -22324.29000
-26693.12000 -22324.29000
-27650.62000 -22324.29000
-29108.33000 -22324.29000
-25796.09000 -22324.29000
-23429.40000 -22324.29000
-26994.40000 -22324.29000
-26728.50000 -22324.29000
-25019.44000 -22324.29000
-25048.55000 -22324.29000
-26208.74000 -22324.29000
-26458.94000 -22324.29000
-26524.12000 -22324.29000
-24947.28000 -22324.29000
-26941.10000 -22324.29000
-25976.39000 -22324.29000
-25401.49000 -22324.29000
-26269.82000 -22324.29000
-26911.47000 -22324.29000
-26187.85000 -22324.29000
-25984.06000 -22324.29000
-26417.00000 -22324.29000
-26359.06000 -22324.29000
-26135.55000 -22324.29000
-26205.32000 -22324.29000
-25886.46000 -22324.29000
-26363.65000 -22324.29000
-25449.98000 -22324.29000
-25993.61000 -22324.29000
-25096.39000 -22324.29000
-26006.89000 -22324.29000
-25698.09000 -22324.29000
-26279.08000 -22324.29000
-24875.24000 -22324.29000
-27858.59000 -22324.29000
-26822.53000 -22324.29000
-26663.91000 -22324.29000
-26020.76000 -22324.29000
-26854.41000 -22324.29000
-25287.22000 -22324.29000
-27157.29000 -22324.29000
-23552.40000 -22324.29000
-26132.88000 -22324.29000
-26471.23000 -22324.29000
-25778.14000 -22324.29000
-24854.77000 -22324.29000
-26434.27000 -22324.29000
-26028.58000 -22324.29000
-24211.15000 -22324.29000
-20785.98000 -18486.86000
-19759.52000 -18486.86000
-20191.42000 -18486.86000
-20695.18000 -18486.86000
-20243.47000 -18486.86000
-19662.84000 -18486.86000
-20212.39000 -18486.86000
-20424.22000 -18486.86000
-20369.20000 -18486.86000
-20450.67000 -18486.86000
-20391.24000 -18486.86000
-20059.54000 -18486.86000
-20846.49000 -18486.86000
-19671.69000 -18486.86000
-20661.26000 -18486.86000
-20447.67000 -18486.86000
-18857.49000 -18486.86000
-19645.51000 -18486.86000
-20898.82000 -18486.86000
-20440.10000 -18486.86000
-20593.52000 -18486.86000
-20031.54000 -18486.86000
-20848.94000 -18486.86000
-20352.09000 -18486.86000
-20462.98000 -18486.86000
-19364.86000 -18486.86000
-20685.40000 -18486.86000
-20347.85000 -18486.86000
-20474.75000 -18486.86000
-20811.38000 -18486.86000
-20377.43000 -18486.86000
-20246.51000 -18486.86000
-20127.54000 -18486.86000
-18987.20000 -18486.86000
-20209.05000 -18486.86000
-18938.64000 -18486.86000
-20182.72000 -18486.86000
-19916.60000 -18486.86000
-19814.61000 -18486.86000
-21973.67000 -18486.86000
-20670.75000 -18486.86000
-19820.40000 -18486.86000
-20400.97000 -18486.86000
-20945.57000 -18486.86000
-20606.83000 -18486.86000
-19731.50000 -18486.86000
-20526.61000 -18486.86000
-20203.02000 -18486.86000
-20608.02000 -18486.86000
-19921.19000 -18486.86000
-19794.71000 -18486.86000
-20388.11000 -18486.86000
-20078.92000 -18486.86000
-20794.25000 -18486.86000
-20120.45000 -18486.86000
-19879.80000 -18486.86000
-20461.77000 -18486.86000
-20051.74000 -18486.86000
-20291.19000 -18486.86000
-20445.74000 -18486.86000
-20480.03000 -18486.86000
-20102.24000 -18486.86000
-18906.94000 -18486.86000
-20788.72000 -18486.86000
-20469.16000 -18486.86000
-18365.71000 -18365.71000
-20574.62000 -18365.71000
-19281.44000 -18365.71000
-20522.87000 -18365.71000
-20227.33000 -18365.71000
-20709.38000 -18365.71000
-20757.81000 -18365.71000
-20480.00000 -18365.71000
-20528.32000 -18365.71000
-19326.95000 -18365.71000
-20074.89000 -18365.71000
-20152.08000 -18365.71000
-19027.63000 -18365.71000
-21875.53000 -18365.71000
-19464.03000 -18365.71000
-19788.04000 -18365.71000
-20047.30000 -18365.71000
-20129.27000 -18365.71000
-19983.86000 -18365.71000
-20971.03000 -18365.71000
-20841.88000 -18365.71000
-20914.34000 -18365.71000
-21058.43000 -18365.71000
-19820.85000 -18365.71000
-20400.58000 -18365.71000
-18996.48000 -18365.71000
-20502.83000 -18365.71000
-20712.50000 -18365.71000
-20463.28000 -18365.71000
-20608.82000 -18365.71000
-20647.53000 -18365.71000
-20335.00000 -18365.71000
-19676.34000 -18365.71000
-21053.11000 -18365.71000
-19680.06000 -18365.71000
-19049.83000 -18365.71000
-20639.74000 -18365.71000
-20125.80000 -18365.71000
-20199.09000 -18365.71000
-20350.12000 -18365.71000
-20692.80000 -18365.71000
-20041.04000 -18365.71000
-19407.01000 -18365.71000
-20490.94000 -18365.71000
-18165.79000 -18165.79000
-20111.00000 -18165.79000
-21800.64000 -18165.79000
-20717.42000 -18165.79000
-20562.36000 -18165.79000
-20959.64000 -18165.79000
-19712.71000 -18165.79000
-18538.29000 -18165.79000
-20676.90000 -18165.79000
-20687.12000 -18165.79000
-19915.32000 -18165.79000
-20693.75000 -18165.79000
-20801.28000 -18165.79000
-19664.50000 -18165.79000
-20387.35000 -18165.79000
-20848.25000 -18165.79000
-19360.26000 -18165.79000
-20355.93000 -18165.79000
-20315.74000 -18165.79000
-20167.22000 -18165.79000
-21666.72000 -18165.79000
-20211.33000 -18165.79000
-20378.17000 -18165.79000
-22954.02000 -18165.79000
-20585.66000 -18165.79000
-20727.23000 -18165.79000
-20603.98000 -18165.79000
-20235.85000 -18165.79000
-21228.04000 -18165.79000
-20333.49000 -18165.79000
-20273.95000 -18165.79000
-20226.72000 -18165.79000
-19800.62000 -18165.79000
-20415.92000 -18165.79000
-20436.96000 -18165.79000
-20220.91000 -18165.79000
-20073.79000 -18165.79000
-20223.97000 -18165.79000
-20716.80000 -18165.79000
-20130.68000 -18165.79000
-20637.30000 -18165.79000
-20275.93000 -18165.79000
-20743.90000 -18165.79000
-19575.99000 -18165.79000
-20546.16000 -18165.79000
-21015.23000 -18165.79000
-20500.11000 -18165.79000
-20264.15000 -18165.79000
-18879.81000 -18165.79000
-18749.38000 -18165.79000
-20655.68000 -18165.79000
-20426.72000 -18165.79000
-20351.37000 -18165.79000
-19972.83000 -18165.79000
-20191.73000 -18165.79000
-20592.73000 -18165.79000
-20492.12000 -18165.79000
-20319.38000 -18165.79000
-20772.20000 -18165.79000
-19894.31000 -18165.79000
-20322.38000 -18165.79000
-20304.49000 -18165.79000
-20294.73000 -18165.79000
-20651.57000 -18165.79000
-21556.35000 -18165.79000
-20253.37000 -18165.79000
-20903.20000 -18165.79000
-20022.91000 -18165.79000
-20811.63000 -18165.79000
-20402.89000 -18165.79000
-20694.74000 -18165.79000
-20866.57000 -18165.79000
-19094.94000 -18165.79000
-20269.92000 -18165.79000
-20281.58000 -18165.79000
-19432.67000 -18165.79000
-20806.48000 -18165.79000
-20554.58000 -18165.79000
-18664.41000 -18165.79000
-20069.29000 -18165.79000
-20285.22000 -18165.79000
-20726.92000 -18165.79000
-20337.35000 -18165.79000
-20209.56000 -18165.79000
-20675.46000 -18165.79000
-20403.66000 -18165.79000
-20194.51000 -18165.79000
-17809.35000 -17809.35000
-20488.41000 -17809.35000
-20585.64000 -17809.35000
-20291.87000 -17809.35000
-20699.32000 -17809.35000
-20554.46000 -17809.35000
-20198.19000 -17809.35000
-19004.13000 -17809.35000
-20572.75000 -17809.35000
-18148.20000 -17809.35000
-20218.17000 -17809.35000
-20199.49000 -17809.35000
-20409.69000 -17809.35000
-19940.51000 -17809.35000
-20336.69000 -17809.35000
-20413.99000 -17809.35000
-20024.92000 -17809.35000
-20889.03000 -17809.35000
-19916.75000 -17809.35000
-18956.17000 -17809.35000
-20425.16000 -17809.35000
-19997.22000 -17809.35000
-21770.02000 -17809.35000
-20434.81000 -17809.35000
-17656.54000 -17656.54000
-20288.35000 -17656.54000
-19291.82000 -17656.54000
-20680.14000 -17656.54000
-18639.45000 -17656.54000
-19179.65000 -17656.54000
-20584.46000 -17656.54000
-20972.02000 -17656.54000
-20180.76000 -17656.54000
-21100.62000 -17656.54000
-20766.80000 -17656.54000
-21101.74000 -17656.54000
-19973.23000 -17656.54000
-20945.39000 -17656.54000
-20394.56000 -17656.54000
-20611.27000 -17656.54000
-20431.57000 -17656.54000
-20741.93000 -17656.54000
-20543.46000 -17656.54000
-20295.92000 -17656.54000
-19476.60000 -17656.54000
-18082.55000 -17656.54000
-19996.76000 -17656.54000
-20767.00000 -17656.54000
-20319.96000 -17656.54000
-19876.56000 -17656.54000
-20362.22000 -17656.54000
-21002.90000 -17656.54000
-20248.29000 -17656.54000
-20462.33000 -17656.54000
-20119.59000 -17656.54000
-20254.04000 -17656.54000
-19925.83000 -17656.54000
-20362.22000 -17656.54000
-19606.00000 -17656.54000
-20434.22000 -17656.54000
-20187.27000 -17656.54000
-20531.67000 -17656.54000
-20731.56000 -17656.54000
-20336.81000 -17656.54000
-20590.19000 -17656.54000
-20537.97000 -17656.54000
-20094.23000 -17656.54000
-19246.26000 -17656.54000
-20615.64000 -17656.54000
-20236.28000 -17656.54000
-19941.13000 -17656.54000
-18714.83000 -17656.54000
-20987.99000 -17656.54000
-20351.46000 -17656.54000
-20728.74000 -17656.54000
-20626.15000 -17656.54000
-19922.12000 -17656.54000
-18998.22000 -17656.54000
-20155.39000 -17656.54000
-18415.89000 -17656.54000
-20717.31000 -17656.54000
-20516.47000 -17656.54000
-20011.93000 -17656.54000
-20498.51000 -17656.54000
-20607.72000 -17656.54000
-20330.60000 -17656.54000
-20670.19000 -17656.54000
-20993.21000 -17656.54000
-20273.91000 -17656.54000
-19753.00000 -17656.54000
-20149.32000 -17656.54000
-20613.15000 -17656.54000
-19945.95000 -17656.54000
-20370.32000 -17656.54000
-20458.83000 -17656.54000
-20703.75000 -17656.54000
-20281.03000 -17656.54000
-20397.62000 -17656.54000
-20720.02000 -17656.54000
-20551.73000 -17656.54000
-20166.51000 -17656.54000
-20039.01000 -17656.54000
-20272.51000 -17656.54000
-20211.77000 -17656.54000
-20132.82000 -17656.54000
-19291.79000 -17656.54000
-20675.37000 -17656.54000
-19379.16000 -17656.54000
-20060.48000 -17656.54000
-19332.02000 -17656.54000
-20011.25000 -17656.54000
-20521.43000 -17656.54000
-19344.27000 -17656.54000
-19890.53000 -17656.54000
-19211.21000 -17656.54000
-19561.59000 -17656.54000
-20348.17000 -17656.54000
-19250.58000 -17656.54000
-20584.22000 -17656.54000
-20357.54000 -17656.54000
-20611.62000 -17656.54000
-20279.00000 -17656.54000
-20227.39000 -17656.54000
-20344.44000 -17656.54000
-20088.52000 -17656.54000
-19012.88000 -17656.54000
-20222.67000 -17656.54000
-19179.24000 -17656.54000
-20419.83000 -17656.54000
-20373.19000 -17656.54000
-18939.67000 -17656.54000
-22049.97000 -17656.54000
-20422.98000 -17656.54000
-20523.13000 -17656.54000
-20605.50000 -17656.54000
-19762.45000 -17656.54000
-20305.68000 -17656.54000
-20354.82000 -17656.54000
-20632.04000 -17656.54000
-18151.76000 -17656.54000
-20542.84000 -17656.54000
-20528.40000 -17656.54000
-20402.90000 -17656.54000
-18686.22000 -17656.54000
-19992.19000 -17656.54000
-20113.15000 -17656.54000
-20244.83000 -17656.54000
-20737.90000 -17656.54000
-19964.22000 -17656.54000
-19748.60000 -17656.54000
-19264.42000 -17656.54000
-20832.36000 -17656.54000
-20794.85000 -17656.54000
-20224.99000 -17656.54000
-20332.69000 -17656.54000
-20353.10000 -17656.54000
-20283.04000 -17656.54000
-20115.70000 -17656.54000
-20526.96000 -17656.54000
-19708.69000 -17656.54000
-20650.00000 -17656.54000
-19745.71000 -17656.54000
-19026.67000 -17656.54000
-20579.16000 -17656.54000
-18907.83000 -17656.54000
-20752.30000 -17656.54000
-20594.40000 -17656.54000
-20112.67000 -17656.54000
-19025.80000 -17656.54000
-19872.84000 -17656.54000
-20589.39000 -17656.54000
-19876.05000 -17656.54000
-20529.82000 -17656.54000
-20432.49000 -17656.54000
-20270.27000 -17656.54000
-20567.77000 -17656.54000
-20360.48000 -17656.54000
-19240.99000 -17656.54000
-20726.59000 -17656.54000
-15751.91000 -13961.65000
-16057.03000 -13961.65000
-16114.09000 -13961.65000
-15191.83000 -13961.65000
-15853.82000 -13961.65000
-15769.90000 -13961.65000
-16110.41000 -13961.65000
-16022.41000 -13961.65000
-16125.76000 -13961.65000
-16134.07000 -13961.65000
-14399.95000 -13961.65000
-16221.58000 -13961.65000
-16029.55000 -13961.65000
-15805.97000 -13961.65000
-15336.72000 -13961.65000
-16066.61000 -13961.65000
-15909.87000 -13961.65000
-16073.18000 -13961.65000
-15053.71000 -13961.65000
-16254.79000 -13961.65000
-16029.27000 -13961.65000
-15632.03000 -13961.65000
-15816.22000 -13961.65000
-15942.00000 -13961.65000
-15921.27000 -13961.65000
-14234.47000 -13961.65000
-15569.87000 -13961.65000
-15532.68000 -13961.65000
-15931.29000 -13961.65000
-15876.39000 -13961.65000
-15592.98000 -13961.65000
-15436.97000 -13961.65000
-15784.65000 -13961.65000
-15977.18000 -13961.65000
-16080.02000 -13961.65000
-16136.26000 -13961.65000
-15993.33000 -13961.65000
-15820.52000 -13961.65000
-14199.45000 -13961.65000
-15826.58000 -13961.65000
-15272.72000 -13961.65000
-15741.18000 -13961.65000
-15908.39000 -13961.65000
-15831.86000 -13961.65000
-15525.26000 -13961.65000
-15842.08000 -13961.65000
-16048.91000 -13961.65000
-15985.66000 -13961.65000
-15765.50000 -13961.65000
-15828.47000 -13961.65000
-14202.33000 -13961.65000
-15090.04000 -13961.65000
-15837.94000 -13961.65000
-14522.63000 -13961.65000
-16234.29000 -13961.65000
-15777.62000 -13961.65000
-15307.74000 -13961.65000
-15454.70000 -13961.65000
-15874.12000 -13961.65000
-15066.04000 -13961.65000
-15752.52000 -13961.65000
-15878.35000 -13961.65000
-15466.80000 -13961.65000
-15334.97000 -13961.65000
-15247.88000 -13961.65000
-15085.40000 -13961.65000
-15353.40000 -13961.65000
-15028.47000 -13961.65000
-15439.40000 -13961.65000
-14447.37000 -13961.65000
-15861.20000 -13961.65000
-15584.61000 -13961.65000
-16006.66000 -13961.65000
-16213.44000 -13961.65000
-15770.83000 -13961.65000
-15754.61000 -13961.65000
-16036.25000 -13961.65000
-15660.00000 -13961.65000
-15874.89000 -13961.65000
-15722.30000 -13961.65000
-15332.60000 -13961.65000
-15256.34000 -13961.65000
-15831.15000 -13961.65000
-14821.72000 -13961.65000
-15514.79000 -13961.65000
-14870.66000 -13961.65000
-15701.32000 -13961.65000
-14733.65000 -13961.65000
-15998.20000 -13961.65000
-16126.06000 -13961.65000
-15955.47000 -13961.65000
-15037.87000 -13961.65000
-15683.64000 -13961.65000
-15576.35000 -13961.65000
-15438.02000 -13961.65000
-15957.44000 -13961.65000
-15316.38000 -13961.65000
-14940.55000 -13961.65000
-15924.48000 -13961.65000
-15846.12000 -13961.65000
-14928.99000 -13961.65000
-15555.09000 -13961.65000
-15632.08000 -13961.65000
-15561.93000 -13961.65000
-16104.55000 -13961.65000
-15861.86000 -13961.65000
-15864.85000 -13961.65000
-15275.10000 -13961.65000
-14607.90000 -13961.65000
-15574.12000 -13961.65000
-16015.00000 -13961.65000
-15474.54000 -13961.65000
-15912.16000 -13961.65000
-14340.46000 -13961.65000
-16048.75000 -13961.65000
-15483.94000 -13961.65000
-15542.28000 -13961.65000
-15698.17000 -13961.65000
-15932.12000 -13961.65000
-15904.39000 -13961.65000
-15907.49000 -13961.65000
-15518.56000 -13961.65000
-15548.69000 -13961.65000
-16182.45000 -13961.65000
-16036.60000 -13961.65000
-15908.10000 -13961.65000
-15175.64000 -13961.65000
-16781.49000 -13961.65000
-15938.64000 -13961.65000
-16083.00000 -13961.65000
-15928.05000 -13961.65000
-14424.40000 -13961.65000
-16139.02000 -13961.65000
-14915.22000 -13961.65000
-15469.25000 -13961.65000
-15556.49000 -13961.65000
-15474.09000 -13961.65000
-16873.12000 -13961.65000
-14753.95000 -13961.65000
-15851.40000 -13961.65000
-16344.67000 -13961.65000
-15605.28000 -13961.65000
-15829.45000 -13961.65000
-15644.95000 -13961.65000
-15920.58000 -13961.65000
-14780.70000 -13961.65000
-15967.46000 -13961.65000
-15865.68000 -13961.65000
-14408.90000 -13961.65000
-15662.99000 -13961.65000
-15318.41000 -13961.65000
-15294.34000 -13961.65000
-15505.08000 -13961.65000
-15674.35000 -13961.65000
-14546.38000 -13961.65000
-15252.50000 -13961.65000
-15454.22000 -13961.65000
-15300.92000 -13961.65000
-15721.79000 -13961.65000
-15313.02000 -13961.65000
-14874.85000 -13961.65000
-15897.33000 -13961.65000
-16002.16000 -13961.65000
-16222.04000 -13961.65000
-15986.33000 -13961.65000
-16115.73000 -13961.65000
-16107.69000 -13961.65000
-15488.16000 -13961.65000
-15842.53000 -13961.65000
-15632.68000 -13961.65000
-16624.89000 -13961.65000
-16139.33000 -13961.65000
-15309.67000 -13961.65000
-15798.92000 -13961.65000
-16005.21000 -13961.65000
-15618.22000 -13961.65000
-15613.87000 -13961.65000
-15763.17000 -13961.65000
-15905.04000 -13961.65000
-15718.93000 -13961.65000
-14785.87000 -13961.65000
-16288.90000 -13961.65000
-15590.55000 -13961.65000
-14664.40000 -13961.65000
-16012.00000 -13961.65000
-15307.93000 -13961.65000
-15600.25000 -13961.65000
-15890.75000 -13961.65000
-16216.21000 -13961.65000
-15778.08000 -13961.65000
-14706.81000 -13961.65000
-14958.33000 -13961.65000
-15073.13000 -13961.65000
-15788.80000 -13961.65000
-15071.65000 -13961.65000
-15107.38000 -13961.65000
-15542.77000 -13961.65000
-15357.35000 -13961.65000
-16243.08000 -13961.65000
-15401.02000 -13961.65000
-16062.32000 -13961.65000
-16366.38000 -13961.65000
-14322.01000 -13961.65000
-15583.96000 -13961.65000
-15984.30000 -13961.65000
-15901.26000 -13961.65000
-15811.69000 -13961.65000
-15091.67000 -13961.65000
-16387.95000 -13961.65000
-15542.52000 -13961.65000
-15844.26000 -13961.65000
-15579.20000 -13961.65000
-14381.74000 -13961.65000
-14457.79000 -13961.65000
-15316.28000 -13961.65000
-15307.62000 -13961.65000
-15244.77000 -13961.65000
-15881.01000 -13961.65000
-15546.23000 -13961.65000
-15745.07000 -13961.65000
-15347.15000 -13961.65000
-15754.90000 -13961.65000
-15642.83000 -13961.65000
-15772.94000 -13961.65000
-15838.47000 -13961.65000
-15825.00000 -13961.65000
-15983.09000 -13961.65000
-16131.45000 -13961.65000
-15992.48000 -13961.65000
-15023.78000 -13961.65000
-15759.36000 -13961.65000
-15950.92000 -13961.65000
-15606.88000 -13961.65000
-16162.14000 -13961.65000
-15786.20000 -13961.65000
-15904.80000 -13961.65000
-14934.11000 -13961.65000
-15531.09000 -13961.65000
-15508.77000 -13961.65000
-14826.81000 -13961.65000
-15418.57000 -13961.65000
-14770.57000 -13961.65000
-15817.36000 -13961.65000
-16036.33000 -13961.65000
-15753.49000 -13961.65000
-15791.22000 -13961.65000
-16487.35000 -13961.65000
-15756.79000 -13961.65000
-16139.67000 -13961.65000
-15777.91000 -13961.65000
-16047.88000 -13961.65000
-15537.58000 -13961.65000
-15897.48000 -13961.65000
-15747.01000 -13961.65000
-15837.52000 -13961.65000
-15262.43000 -13961.65000
-15618.73000 -13961.65000
-15917.98000 -13961.65000
-14480.68000 -13961.65000
-15726.60000 -13961.65000
-15612.39000 -13961.65000
-14830.66000 -13961.65000
-15694.86000 -13961.65000
-15766.03000 -13961.65000
-15312.97000 -13961.65000
-15831.11000 -13961.65000
-15937.25000 -13961.65000
-15437.09000 -13961.65000
-15433.23000 -13961.65000
-15608.91000 -13961.65000
-14848.58000 -13961.65000
-15744.42000 -13961.65000
-15312.65000 -13961.65000
-15204.73000 -13961.65000
-15779.42000 -13961.65000
-15737.48000 -13961.65000
-15216.76000 -13961.65000
-15888.58000 -13961.65000
-15233.28000 -13961.65000
-15573.95000 -13961.65000
-15731.28000 -13961.65000
-15884.52000 -13961.65000
-15399.50000 -13961.65000
-15489.31000 -13961.65000
-15883.37000 -13961.65000
-14262.90000 -13961.65000
-15995.63000 -13961.65000
-15317.78000 -13961.65000
-15779.25000 -13961.65000
-15846.26000 -13961.65000
-15901.94000 -13961.65000
-15237.87000 -13961.65000
-15617.32000 -13961.65000
-15690.21000 -13961.65000
-15503.79000 -13961.65000
-14680.10000 -13961.65000
-15574.56000 -13961.65000
-15687.61000 -13961.65000
-15791.31000 -13961.65000
-15784.51000 -13961.65000
-15027.62000 -13961.65000
-15798.09000 -13961.65000
-15384.78000 -13961.65000
-16388.03000 -13961.65000
-15260.96000 -13961.65000
-15332.91000 -13961.65000
-15732.93000 -13961.65000
-15554.57000 -13961.65000
-15815.87000 -13961.65000
-16078.82000 -13961.65000
-15969.16000 -13961.65000
-15799.97000 -13961.65000
-16139.84000 -13961.65000
-15780.19000 -13961.65000
-15481.54000 -13961.65000
-15405.64000 -13961.65000
-16240.98000 -13961.65000
-15150.49000 -13961.65000
-15961.79000 -13961.65000
-15227.91000 -13961.65000
-15597.50000 -13961.65000
-15926.53000 -13961.65000
-15980.41000 -13961.65000
-14490.96000 -13961.65000
-14852.83000 -13961.65000
-16088.34000 -13961.65000
-16053.40000 -13961.65000
-14684.58000 -13961.65000
-15608.90000 -13961.65000
-15788.76000 -13961.65000
-16036.49000 -13961.65000
-14745.45000 -13961.65000
-15462.63000 -13961.65000
-16144.40000 -13961.65000
-14874.94000 -13961.65000
-15764.69000 -13961.65000
-15793.45000 -13961.65000
-15740.76000 -13961.65000
-15552.65000 -13961.65000
-15854.25000 -13961.65000
-15919.62000 -13961.65000
-14320.67000 -13961.65000
-15572.25000 -13961.65000
-15759.46000 -13961.65000
-15769.40000 -13961.65000
-15843.47000 -13961.65000
-16079.89000 -13961.65000
-15757.61000 -13961.65000
-15301.67000 -13961.65000
-16230.86000 -13961.65000
-15660.69000 -13961.65000
-15427.75000 -13961.65000
-15723.26000 -13961.65000
-15925.92000 -13961.65000
-15904.83000 -13961.65000
-15551.49000 -13961.65000
-15502.01000 -13961.65000
-16069.93000 -13961.65000
-14316.68000 -13961.65000
-15901.53000 -13961.65000
-16020.25000 -13961.65000
-15342.48000 -13961.65000
-14799.97000 -13961.65000
-15657.14000 -13961.65000
-15425.04000 -13961.65000
-15594.12000 -13961.65000
-15491.71000 -13961.65000
-15193.27000 -13961.65000
-15502.93000 -13961.65000
-15259.35000 -13961.65000
-15837.44000 -13961.65000
-15698.17000 -13961.65000
-15318.25000 -13961.65000
-15544.43000 -13961.65000
-14743.56000 -13961.65000
-11209.81000 -11075.35000
-11641.70000 -11075.35000
-12146.36000 -11075.35000
-12358.47000 -11075.35000
-12250.75000 -11075.35000
-11850.16000 -11075.35000
-11396.98000 -11075.35000
-12119.89000 -11075.35000
-12421.55000 -11075.35000
-11664.02000 -11075.35000
-11717.56000 -11075.35000
-11868.09000 -11075.35000
-11380.30000 -11075.35000
-11513.65000 -11075.35000
-11738.58000 -11075.35000
-11395.16000 -11075.35000
-12700.58000 -11075.35000
-11312.25000 -11075.35000
-11909.81000 -11075.35000
-12318.76000 -11075.35000
-12377.34000 -11075.35000
-12405.28000 -11075.35000
-12034.76000 -11075.35000
-12116.84000 -11075.35000
-12107.86000 -11075.35000
-12286.63000 -11075.35000
-12157.63000 -11075.35000
-12136.65000 -11075.35000
-12005.85000 -11075.35000
-12219.33000 -11075.35000
-11761.20000 -11075.35000
-12191.44000 -11075.35000
-12297.89000 -11075.35000
-11933.55000 -11075.35000
-11460.21000 -11075.35000
-11726.94000 -11075.35000
-12587.01000 -11075.35000
-12349.07000 -11075.35000
-12391.70000 -11075.35000
-12221.17000 -11075.35000
-12208.27000 -11075.35000
-12346.09000 -11075.35000
-12547.75000 -11075.35000
-11645.38000 -11075.35000
-12070.62000 -11075.35000
-12578.45000 -11075.35000
-12223.11000 -11075.35000
-11932.41000 -11075.35000
-12326.33000 -11075.35000
-11953.89000 -11075.35000
-12267.83000 -11075.35000
-12371.12000 -11075.35000
-11793.34000 -11075.35000
-12157.76000 -11075.35000
-12225.99000 -11075.35000
-11830.44000 -11075.35000
-11589.41000 -11075.35000
-12253.80000 -11075.35000
-11967.09000 -11075.35000
-12297.36000 -11075.35000
-11856.72000 -11075.35000
-11595.90000 -11075.35000
-12358.10000 -11075.35000
-11455.97000 -11075.35000
-10821.68000 -10821.68000
-12353.93000 -10821.68000
-11940.87000 -10821.68000
-11988.70000 -10821.68000
-12587.38000 -10821.68000
-12050.43000 -10821.68000
-12398.15000 -10821.68000
-12111.04000 -10821.68000
-11750.94000 -10821.68000
-12242.43000 -10821.68000
-12339.12000 -10821.68000
-12387.64000 -10821.68000
-12220.73000 -10821.68000
-11974.37000 -10821.68000
-12344.21000 -10821.68000
-12276.88000 -10821.68000
-12400.08000 -10821.68000
-12206.99000 -10821.68000
-12451.69000 -10821.68000
-12462.13000 -10821.68000
-11947.29000 -10821.68000
-12594.75000 -10821.68000
-12468.54000 -10821.68000
-11904.98000 -10821.68000
-11928.07000 -10821.68000
-12315.36000 -10821.68000
-12358.18000 -10821.68000
-12183.42000 -10821.68000
-12254.82000 -10821.68000
-12273.49000 -10821.68000
-12549.04000 -10821.68000
-11957.62000 -10821.68000
-11957.30000 -10821.68000
-12175.00000 -10821.68000
-11614.07000 -10821.68000
-12280.31000 -10821.68000
-12055.32000 -10821.68000
-12346.81000 -10821.68000
-12258.64000 -10821.68000
-12039.81000 -10821.68000
-12460.50000 -10821.68000
-12069.78000 -10821.68000
-12245.80000 -10821.68000
-12083.96000 -10821.68000
-12308.48000 -10821.68000
-11751.22000 -10821.68000
-12081.00000 -10821.68000
-12132.63000 -10821.68000
-12175.00000 -10821.68000
-12493.95000 -10821.68000
-12528.69000 -10821.68000
-12248.74000 -10821.68000
-12225.00000 -10821.68000
-12222.51000 -10821.68000
-12115.03000 -10821.68000
-11491.64000 -10821.68000
-12353.50000 -10821.68000
-11890.86000 -10821.68000
-12468.79000 -10821.68000
-11911.10000 -10821.68000
-12039.72000 -10821.68000
-11767.17000 -10821.68000
-12306.10000 -10821.68000
-12072.77000 -10821.68000
-11645.01000 -10821.68000
-12109.76000 -10821.68000
-11954.73000 -10821.68000
-11852.10000 -10821.68000
-12309.52000 -10821.68000
-12696.17000 -10821.68000
-12314.19000 -10821.68000
-12342.05000 -10821.68000
-12411.52000 -10821.68000
-12344.10000 -10821.68000
-11266.00000 -10821.68000
-12534.00000 -10821.68000
-12336.33000 -10821.68000
-11855.79000 -10821.68000
-11975.73000 -10821.68000
-12343.01000 -10821.68000
-12069.38000 -10821.68000
-12182.38000 -10821.68000
-12341.48000 -10821.68000
-12351.56000 -10821.68000
-11146.35000 -10821.68000
-12228.53000 -10821.68000
-11484.73000 -10821.68000
-12334.76000 -10821.68000
-12206.27000 -10821.68000
-11674.81000 -10821.68000
-12340.81000 -10821.68000
-12135.71000 -10821.68000
-11922.44000 -10821.68000
-11735.44000 -10821.68000
-11948.78000 -10821.68000
-12270.38000 -10821.68000
-12321.75000 -10821.68000
-11952.36000 -10821.68000
-12118.13000 -10821.68000
-12117.65000 -10821.68000
-12624.18000 -10821.68000
-12491.50000 -10821.68000
-11630.70000 -10821.68000
-12239.35000 -10821.68000
-11900.15000 -10821.68000
-12404.88000 -10821.68000
-12211.76000 -10821.68000
-12304.15000 -10821.68000
-11943.45000 -10821.68000
-12348.03000 -10821.68000
-12490.63000 -10821.68000
-11211.85000 -10821.68000
-12043.44000 -10821.68000
-11998.02000 -10821.68000
-12360.65000 -10821.68000
-11787.71000 -10821.68000
-12264.58000 -10821.68000
-11978.25000 -10821.68000
-11990.66000 -10821.68000
-11326.86000 -10821.68000
-12043.29000 -10821.68000
-12280.54000 -10821.68000
-12112.86000 -10821.68000
-12218.28000 -10821.68000
-12341.86000 -10821.68000
-11331.05000 -10821.68000
-12492.01000 -10821.68000
-11954.99000 -10821.68000
-11816.73000 -10821.68000
-11231.25000 -10821.68000
-12209.25000 -10821.68000
-11654.50000 -10821.68000
-12427.06000 -10821.68000
-12332.20000 -10821.68000
-11467.61000 -10821.68000
-11733.78000 -10821.68000
-11558.50000 -10821.68000
-12336.97000 -10821.68000
-12433.70000 -10821.68000
-12512.88000 -10821.68000
-12208.17000 -10821.68000
-11745.20000 -10821.68000
-12152.83000 -10821.68000
-12523.11000 -10821.68000
-12011.90000 -10821.68000
-11524.26000 -10821.68000
-12171.51000 -10821.68000
-12343.74000 -10821.68000
-12335.30000 -10821.68000
-11137.14000 -10821.68000
-12178.42000 -10821.68000
-12265.39000 -10821.68000
-12568.26000 -10821.68000
-12189.83000 -10821.68000
-12183.00000 -10821.68000
-12238.28000 -10821.68000
-12421.96000 -10821.68000
-11977.38000 -10821.68000
-12114.52000 -10821.68000
-11576.97000 -10821.68000
-12050.29000 -10821.68000
-11447.08000 -10821.68000
-12142.72000 -10821.68000
-12429.86000 -10821.68000
-12351.22000 -10821.68000
-11777.82000 -10821.68000
-12154.07000 -10821.68000
-12398.64000 -10821.68000
-12175.85000 -10821.68000
-12329.21000 -10821.68000
-12632.35000 -10821.68000
-12352.92000 -10821.68000
-11654.22000 -10821.68000
-12427.85000 -10821.68000
-11851.66000 -10821.68000
-11825.61000 -10821.68000
-12505.14000 -10821.68000
-12119.77000 -10821.68000
-12115.87000 -10821.68000
-11481.44000 -10821.68000
-12438.39000 -10821.68000
-12158.67000 -10821.68000
-12062.62000 -10821.68000
-12185.90000 -10821.68000
-11795.88000 -10821.68000
-12078.29000 -10821.68000
-12446.18000 -10821.68000
-12086.94000 -10821.68000
-12252.61000 -10821.68000
-11400.79000 -10821.68000
-12193.95000 -10821.68000
-12208.32000 -10821.68000
-11098.86000 -10821.68000
-12312.90000 -10821.68000
-12123.96000 -10821.68000
-11205.96000 -10821.68000
-12494.58000 -10821.68000
-12366.66000 -10821.68000
-12272.92000 -10821.68000
-12055.53000 -10821.68000
-12186.43000 -10821.68000
-12277.57000 -10821.68000
-11041.07000 -10821.68000
-12236.79000 -10821.68000
-12312.57000 -10821.68000
-12052.36000 -10821.68000
-12038.94000 -10821.68000
-12307.85000 -10821.68000
-11758.11000 -10821.68000
-12231.44000 -10821.68000
-11786.39000 -10821.68000
-12515.06000 -10821.68000
-11914.01000 -10821.68000
-12464.25000 -10821.68000
-11824.67000 -10821.68000
-12130.04000 -10821.68000
-12370.31000 -10821.68000
-11788.58000 -10821.68000
-12343.83000 -10821.68000
-12060.24000 -10821.68000
-12404.33000 -10821.68000
-12336.54000 -10821.68000
-11461.43000 -10821.68000
-11442.45000 -10821.68000
-12290.45000 -10821.68000
-12008.83000 -10821.68000
-12267.15000 -10821.68000
-12302.19000 -10821.68000
-12281.30000 -10821.68000
-12365.31000 -10821.68000
-11958.17000 -10821.68000
-11292.89000 -10821.68000
-11279.97000 -10821.68000
-12108.15000 -10821.68000
-12463.39000 -10821.68000
-12451.38000 -10821.68000
-12077.37000 -10821.68000
-12249.97000 -10821.68000
-11982.33000 -10821.68000
-11819.74000 -10821.68000
-11993.94000 -10821.68000
-12178.04000 -10821.68000
-11165.01000 -10821.68000
-12160.03000 -10821.68000
-11846.66000 -10821.68000
-12144.77000 -10821.68000
-12047.48000 -10821.68000
-12085.67000 -10821.68000
-12638.34000 -10821.68000
-12351.71000 -10821.68000
-11661.92000 -10821.68000
-12258.64000 -10821.68000
-12364.53000 -10821.68000
-11938.86000 -10821.68000
-12144.39000 -10821.68000
-12246.18000 -10821.68000
-12698.80000 -10821.68000
-11724.90000 -10821.68000
-12031.15000 -10821.68000
-11547.59000 -10821.68000
-11760.36000 -10821.68000
-12356.03000 -10821.68000
-10735.07000 -10735.07000
-12392.37000 -10735.07000
-12654.79000 -10735.07000
-12317.37000 -10735.07000
-12341.17000 -10735.07000
-12253.66000 -10735.07000
-12459.35000 -10735.07000
-12351.35000 -10735.07000
-12297.07000 -10735.07000
-12129.37000 -10735.07000
-12051.94000 -10735.07000
-12324.10000 -10735.07000
-11833.87000 -10735.07000
-12200.04000 -10735.07000
-12360.38000 -10735.07000
-12020.42000 -10735.07000
-11785.71000 -10735.07000
-11523.85000 -10735.07000
-12339.88000 -10735.07000
-11697.74000 -10735.07000
-10715.60000 -10715.60000
-12591.59000 -10715.60000
-11957.03000 -10715.60000
-11895.84000 -10715.60000
-11600.14000 -10715.60000
-11791.50000 -10715.60000
-10277.64000 -10277.64000
-12586.61000 -10277.64000
-12045.18000 -10277.64000
-11976.46000 -10277.64000
-12524.01000 -10277.64000
-12309.43000 -10277.64000
-11813.97000 -10277.64000
-12141.86000 -10277.64000
-12230.43000 -10277.64000
-12140.45000 -10277.64000
-12223.25000 -10277.64000
-12382.80000 -10277.64000
-12450.04000 -10277.64000
-12132.32000 -10277.64000
-12301.81000 -10277.64000
-12236.30000 -10277.64000
-11487.93000 -10277.64000
-11638.53000 -10277.64000
-12420.23000 -10277.64000
-11953.01000 -10277.64000
-12039.89000 -10277.64000
-11342.25000 -10277.64000
-12339.80000 -10277.64000
