
samples_per_chain:,1000
burnin:,0.25
num params:,114
initial_proposed_vec:,[1.50000000e+00 1.50000000e+00 1.50000000e+00 1.50000000e+00
 5.00000000e-06 5.00000000e-01 1.00000000e+00 5.00000000e-01
 8.00000000e-01 6.05949027e-02 1.53988262e-01 2.86475766e-01
 8.14829959e-02 6.82612412e-01 2.57436237e-01 1.66840114e-03
 1.29218171e-01 2.94108701e-01 1.29938310e-01 3.11963674e-02
 1.27751888e-01 2.46094008e-03 7.20020853e-02 1.97670982e-01
 2.40162924e-01 2.41374501e-01 1.80092128e-01 2.55250993e-01
 1.34535270e-01 1.84137177e-01 2.09418910e-01 2.67145008e-01
 3.75401979e-02 1.33182058e-01 1.07987464e-01 4.58490136e-02
 2.79488885e-01 2.35936714e-01 2.48400692e-01 1.91102359e-01
 1.09151160e-01 2.96444211e-01 1.07787681e-01 2.65263870e-01
 1.64640311e-01 5.99319922e-02 2.00041704e-02 6.68491362e-02
 2.19547842e-01 9.29847676e-02 2.60857944e-01 2.95942224e-01
 1.37850073e-01 6.50549763e-02 1.07241003e-01 4.37351515e-02
 2.82142231e-01 2.19486749e-01 2.51254292e-01 2.55456068e-01
 2.65823489e-01 1.53219854e-01 1.70587337e-01 9.73585020e-02
 4.82401788e-02 1.04458560e-01 5.70842723e-02 8.05007802e-02
 2.54854609e-01 5.25118578e-03 4.47018130e-02 4.77522847e-02
 1.44683488e-01 7.19654145e-02 1.34820956e-01 2.13556667e-01
 3.41756199e-02 2.78813888e-01 2.92078489e-01 1.67307915e-01
 1.16210091e-02 1.14134557e-01 2.82559484e-01 1.04882746e-01
 2.42491871e-01 1.91861617e-01 2.88052556e-01 1.99899539e-01
 1.39465435e-01 9.27797353e-02 1.17770678e-01 3.10913449e-02
 2.71225283e-01 1.54147098e-01 2.37600330e-01 2.71748853e-01
 1.79116101e-01 9.35445858e-02 9.64182648e-02 9.97504746e-02
 1.97704055e-01 5.16948338e-02 1.76370277e-01 1.27219225e-01
 7.71612170e-02 1.43290565e-02 2.90812773e-01 2.77100296e-01
 1.65069518e-01 2.21184871e-01 1.10994390e-01 6.90411857e-02
 1.06647808e-01 1.82695708e-01]
stepsize_vec:,[0.   0.   0.   0.   0.   0.   0.   0.   0.   0.1  0.1  0.1  0.1  0.1
 0.03 0.03 0.03 0.03 0.03 0.03 0.03 0.03 0.03 0.03 0.03 0.03 0.03 0.03
 0.03 0.03 0.03 0.03 0.03 0.03 0.03 0.03 0.03 0.03 0.03 0.03 0.03 0.03
 0.03 0.03 0.03 0.03 0.03 0.03 0.03 0.03 0.03 0.03 0.03 0.03 0.03 0.03
 0.03 0.03 0.03 0.03 0.03 0.03 0.03 0.03 0.03 0.03 0.03 0.03 0.03 0.03
 0.03 0.03 0.03 0.03 0.03 0.03 0.03 0.03 0.03 0.03 0.03 0.03 0.03 0.03
 0.03 0.03 0.03 0.03 0.03 0.03 0.03 0.03 0.03 0.03 0.03 0.03 0.03 0.03
 0.03 0.03 0.03 0.03 0.03 0.03 0.03 0.03 0.03 0.03 0.03 0.03 0.03 0.03
 0.03 0.03]
step_ratio_vec:,[0.1 0.1 0.1 0.1 0.1 0.1 0.1 0.1 0.1 0.1 0.1 0.1 0.1 0.1 0.1 0.1 0.1 0.1
 0.1 0.1 0.1 0.1 0.1 0.1 0.1 0.1 0.1 0.1 0.1 0.1 0.1 0.1 0.1 0.1 0.1 0.1
 0.1 0.1 0.1 0.1 0.1 0.1 0.1 0.1 0.1 0.1 0.1 0.1 0.1 0.1 0.1 0.1 0.1 0.1
 0.1 0.1 0.1 0.1 0.1 0.1 0.1 0.1 0.1 0.1 0.1 0.1 0.1 0.1 0.1 0.1 0.1 0.1
 0.1 0.1 0.1 0.1 0.1 0.1 0.1 0.1 0.1 0.1 0.1 0.1 0.1 0.1 0.1 0.1 0.1 0.1
 0.1 0.1 0.1 0.1 0.1 0.1 0.1 0.1 0.1 0.1 0.1 0.1 0.1 0.1 0.1 0.1 0.1 0.1
 0.1 0.1 0.1 0.1 0.1 0.1]
swap interval:,100
sim interval:,[      0.  250000.  500000.  750000. 1000000.]
likelihood_sed (T/F):,True
erodep_coords:,[[42 10]
 [39  8]
 [75 51]
 [59 13]
 [40  5]
 [ 6 20]
 [14 66]
 [ 4 40]
 [72 73]
 [46 64]]
sed scaling factor:,50
samples_per_chain:,1000
burnin:,0.25
num params:,114
initial_proposed_vec:,[1.50000000e+00 1.50000000e+00 1.50000000e+00 1.50000000e+00
 5.00000000e-06 5.00000000e-01 1.00000000e+00 5.00000000e-01
 8.00000000e-01 6.05949027e-02 1.53988262e-01 2.86475766e-01
 8.14829959e-02 6.82612412e-01 2.57436237e-01 1.66840114e-03
 1.29218171e-01 2.94108701e-01 1.29938310e-01 3.11963674e-02
 1.27751888e-01 2.46094008e-03 7.20020853e-02 1.97670982e-01
 2.40162924e-01 2.41374501e-01 1.80092128e-01 2.55250993e-01
 1.34535270e-01 1.84137177e-01 2.09418910e-01 2.67145008e-01
 3.75401979e-02 1.33182058e-01 1.07987464e-01 4.58490136e-02
 2.79488885e-01 2.35936714e-01 2.48400692e-01 1.91102359e-01
 1.09151160e-01 2.96444211e-01 1.07787681e-01 2.65263870e-01
 1.64640311e-01 5.99319922e-02 2.00041704e-02 6.68491362e-02
 2.19547842e-01 9.29847676e-02 2.60857944e-01 2.95942224e-01
 1.37850073e-01 6.50549763e-02 1.07241003e-01 4.37351515e-02
 2.82142231e-01 2.19486749e-01 2.51254292e-01 2.55456068e-01
 2.65823489e-01 1.53219854e-01 1.70587337e-01 9.73585020e-02
 4.82401788e-02 1.04458560e-01 5.70842723e-02 8.05007802e-02
 2.54854609e-01 5.25118578e-03 4.47018130e-02 4.77522847e-02
 1.44683488e-01 7.19654145e-02 1.34820956e-01 2.13556667e-01
 3.41756199e-02 2.78813888e-01 2.92078489e-01 1.67307915e-01
 1.16210091e-02 1.14134557e-01 2.82559484e-01 1.04882746e-01
 2.42491871e-01 1.91861617e-01 2.88052556e-01 1.99899539e-01
 1.39465435e-01 9.27797353e-02 1.17770678e-01 3.10913449e-02
 2.71225283e-01 1.54147098e-01 2.37600330e-01 2.71748853e-01
 1.79116101e-01 9.35445858e-02 9.64182648e-02 9.97504746e-02
 1.97704055e-01 5.16948338e-02 1.76370277e-01 1.27219225e-01
 7.71612170e-02 1.43290565e-02 2.90812773e-01 2.77100296e-01
 1.65069518e-01 2.21184871e-01 1.10994390e-01 6.90411857e-02
 1.06647808e-01 1.82695708e-01]
stepsize_vec:,[0.   0.   0.   0.   0.   0.   0.   0.   0.   0.1  0.1  0.1  0.1  0.1
 0.03 0.03 0.03 0.03 0.03 0.03 0.03 0.03 0.03 0.03 0.03 0.03 0.03 0.03
 0.03 0.03 0.03 0.03 0.03 0.03 0.03 0.03 0.03 0.03 0.03 0.03 0.03 0.03
 0.03 0.03 0.03 0.03 0.03 0.03 0.03 0.03 0.03 0.03 0.03 0.03 0.03 0.03
 0.03 0.03 0.03 0.03 0.03 0.03 0.03 0.03 0.03 0.03 0.03 0.03 0.03 0.03
 0.03 0.03 0.03 0.03 0.03 0.03 0.03 0.03 0.03 0.03 0.03 0.03 0.03 0.03
 0.03 0.03 0.03 0.03 0.03 0.03 0.03 0.03 0.03 0.03 0.03 0.03 0.03 0.03
 0.03 0.03 0.03 0.03 0.03 0.03 0.03 0.03 0.03 0.03 0.03 0.03 0.03 0.03
 0.03 0.03]
step_ratio_vec:,[0.1 0.1 0.1 0.1 0.1 0.1 0.1 0.1 0.1 0.1 0.1 0.1 0.1 0.1 0.1 0.1 0.1 0.1
 0.1 0.1 0.1 0.1 0.1 0.1 0.1 0.1 0.1 0.1 0.1 0.1 0.1 0.1 0.1 0.1 0.1 0.1
 0.1 0.1 0.1 0.1 0.1 0.1 0.1 0.1 0.1 0.1 0.1 0.1 0.1 0.1 0.1 0.1 0.1 0.1
 0.1 0.1 0.1 0.1 0.1 0.1 0.1 0.1 0.1 0.1 0.1 0.1 0.1 0.1 0.1 0.1 0.1 0.1
 0.1 0.1 0.1 0.1 0.1 0.1 0.1 0.1 0.1 0.1 0.1 0.1 0.1 0.1 0.1 0.1 0.1 0.1
 0.1 0.1 0.1 0.1 0.1 0.1 0.1 0.1 0.1 0.1 0.1 0.1 0.1 0.1 0.1 0.1 0.1 0.1
 0.1 0.1 0.1 0.1 0.1 0.1]
swap interval:,100
sim interval:,[      0.  250000.  500000.  750000. 1000000.]
likelihood_sed (T/F):,True
erodep_coords:,[[42 10]
 [39  8]
 [75 51]
 [59 13]
 [40  5]
 [ 6 20]
 [14 66]
 [ 4 40]
 [72 73]
 [46 64]]
sed scaling factor:,50
samples_per_chain:,1000
burnin:,0.25
num params:,114
initial_proposed_vec:,[1.50000000e+00 1.50000000e+00 1.50000000e+00 1.50000000e+00
 5.00000000e-06 5.00000000e-01 1.00000000e+00 5.00000000e-01
 8.00000000e-01 6.05949027e-02 1.53988262e-01 2.86475766e-01
 8.14829959e-02 6.82612412e-01 2.57436237e-01 1.66840114e-03
 1.29218171e-01 2.94108701e-01 1.29938310e-01 3.11963674e-02
 1.27751888e-01 2.46094008e-03 7.20020853e-02 1.97670982e-01
 2.40162924e-01 2.41374501e-01 1.80092128e-01 2.55250993e-01
 1.34535270e-01 1.84137177e-01 2.09418910e-01 2.67145008e-01
 3.75401979e-02 1.33182058e-01 1.07987464e-01 4.58490136e-02
 2.79488885e-01 2.35936714e-01 2.48400692e-01 1.91102359e-01
 1.09151160e-01 2.96444211e-01 1.07787681e-01 2.65263870e-01
 1.64640311e-01 5.99319922e-02 2.00041704e-02 6.68491362e-02
 2.19547842e-01 9.29847676e-02 2.60857944e-01 2.95942224e-01
 1.37850073e-01 6.50549763e-02 1.07241003e-01 4.37351515e-02
 2.82142231e-01 2.19486749e-01 2.51254292e-01 2.55456068e-01
 2.65823489e-01 1.53219854e-01 1.70587337e-01 9.73585020e-02
 4.82401788e-02 1.04458560e-01 5.70842723e-02 8.05007802e-02
 2.54854609e-01 5.25118578e-03 4.47018130e-02 4.77522847e-02
 1.44683488e-01 7.19654145e-02 1.34820956e-01 2.13556667e-01
 3.41756199e-02 2.78813888e-01 2.92078489e-01 1.67307915e-01
 1.16210091e-02 1.14134557e-01 2.82559484e-01 1.04882746e-01
 2.42491871e-01 1.91861617e-01 2.88052556e-01 1.99899539e-01
 1.39465435e-01 9.27797353e-02 1.17770678e-01 3.10913449e-02
 2.71225283e-01 1.54147098e-01 2.37600330e-01 2.71748853e-01
 1.79116101e-01 9.35445858e-02 9.64182648e-02 9.97504746e-02
 1.97704055e-01 5.16948338e-02 1.76370277e-01 1.27219225e-01
 7.71612170e-02 1.43290565e-02 2.90812773e-01 2.77100296e-01
 1.65069518e-01 2.21184871e-01 1.10994390e-01 6.90411857e-02
 1.06647808e-01 1.82695708e-01]
stepsize_vec:,[0.   0.   0.   0.   0.   0.   0.   0.   0.   0.1  0.1  0.1  0.1  0.1
 0.03 0.03 0.03 0.03 0.03 0.03 0.03 0.03 0.03 0.03 0.03 0.03 0.03 0.03
 0.03 0.03 0.03 0.03 0.03 0.03 0.03 0.03 0.03 0.03 0.03 0.03 0.03 0.03
 0.03 0.03 0.03 0.03 0.03 0.03 0.03 0.03 0.03 0.03 0.03 0.03 0.03 0.03
 0.03 0.03 0.03 0.03 0.03 0.03 0.03 0.03 0.03 0.03 0.03 0.03 0.03 0.03
 0.03 0.03 0.03 0.03 0.03 0.03 0.03 0.03 0.03 0.03 0.03 0.03 0.03 0.03
 0.03 0.03 0.03 0.03 0.03 0.03 0.03 0.03 0.03 0.03 0.03 0.03 0.03 0.03
 0.03 0.03 0.03 0.03 0.03 0.03 0.03 0.03 0.03 0.03 0.03 0.03 0.03 0.03
 0.03 0.03]
step_ratio_vec:,[0.1 0.1 0.1 0.1 0.1 0.1 0.1 0.1 0.1 0.1 0.1 0.1 0.1 0.1 0.1 0.1 0.1 0.1
 0.1 0.1 0.1 0.1 0.1 0.1 0.1 0.1 0.1 0.1 0.1 0.1 0.1 0.1 0.1 0.1 0.1 0.1
 0.1 0.1 0.1 0.1 0.1 0.1 0.1 0.1 0.1 0.1 0.1 0.1 0.1 0.1 0.1 0.1 0.1 0.1
 0.1 0.1 0.1 0.1 0.1 0.1 0.1 0.1 0.1 0.1 0.1 0.1 0.1 0.1 0.1 0.1 0.1 0.1
 0.1 0.1 0.1 0.1 0.1 0.1 0.1 0.1 0.1 0.1 0.1 0.1 0.1 0.1 0.1 0.1 0.1 0.1
 0.1 0.1 0.1 0.1 0.1 0.1 0.1 0.1 0.1 0.1 0.1 0.1 0.1 0.1 0.1 0.1 0.1 0.1
 0.1 0.1 0.1 0.1 0.1 0.1]
swap interval:,100
sim interval:,[      0.  250000.  500000.  750000. 1000000.]
likelihood_sed (T/F):,True
erodep_coords:,[[42 10]
 [39  8]
 [75 51]
 [59 13]
 [40  5]
 [ 6 20]
 [14 66]
 [ 4 40]
 [72 73]
 [46 64]]
sed scaling factor:,50
samples_per_chain:,1000
burnin:,0.25
num params:,114
initial_proposed_vec:,[1.50000000e+00 1.50000000e+00 1.50000000e+00 1.50000000e+00
 5.00000000e-06 5.00000000e-01 1.00000000e+00 5.00000000e-01
 8.00000000e-01 6.05949027e-02 1.53988262e-01 2.86475766e-01
 8.14829959e-02 6.82612412e-01 2.57436237e-01 1.66840114e-03
 1.29218171e-01 2.94108701e-01 1.29938310e-01 3.11963674e-02
 1.27751888e-01 2.46094008e-03 7.20020853e-02 1.97670982e-01
 2.40162924e-01 2.41374501e-01 1.80092128e-01 2.55250993e-01
 1.34535270e-01 1.84137177e-01 2.09418910e-01 2.67145008e-01
 3.75401979e-02 1.33182058e-01 1.07987464e-01 4.58490136e-02
 2.79488885e-01 2.35936714e-01 2.48400692e-01 1.91102359e-01
 1.09151160e-01 2.96444211e-01 1.07787681e-01 2.65263870e-01
 1.64640311e-01 5.99319922e-02 2.00041704e-02 6.68491362e-02
 2.19547842e-01 9.29847676e-02 2.60857944e-01 2.95942224e-01
 1.37850073e-01 6.50549763e-02 1.07241003e-01 4.37351515e-02
 2.82142231e-01 2.19486749e-01 2.51254292e-01 2.55456068e-01
 2.65823489e-01 1.53219854e-01 1.70587337e-01 9.73585020e-02
 4.82401788e-02 1.04458560e-01 5.70842723e-02 8.05007802e-02
 2.54854609e-01 5.25118578e-03 4.47018130e-02 4.77522847e-02
 1.44683488e-01 7.19654145e-02 1.34820956e-01 2.13556667e-01
 3.41756199e-02 2.78813888e-01 2.92078489e-01 1.67307915e-01
 1.16210091e-02 1.14134557e-01 2.82559484e-01 1.04882746e-01
 2.42491871e-01 1.91861617e-01 2.88052556e-01 1.99899539e-01
 1.39465435e-01 9.27797353e-02 1.17770678e-01 3.10913449e-02
 2.71225283e-01 1.54147098e-01 2.37600330e-01 2.71748853e-01
 1.79116101e-01 9.35445858e-02 9.64182648e-02 9.97504746e-02
 1.97704055e-01 5.16948338e-02 1.76370277e-01 1.27219225e-01
 7.71612170e-02 1.43290565e-02 2.90812773e-01 2.77100296e-01
 1.65069518e-01 2.21184871e-01 1.10994390e-01 6.90411857e-02
 1.06647808e-01 1.82695708e-01]
stepsize_vec:,[0.   0.   0.   0.   0.   0.   0.   0.   0.   0.1  0.1  0.1  0.1  0.1
 0.03 0.03 0.03 0.03 0.03 0.03 0.03 0.03 0.03 0.03 0.03 0.03 0.03 0.03
 0.03 0.03 0.03 0.03 0.03 0.03 0.03 0.03 0.03 0.03 0.03 0.03 0.03 0.03
 0.03 0.03 0.03 0.03 0.03 0.03 0.03 0.03 0.03 0.03 0.03 0.03 0.03 0.03
 0.03 0.03 0.03 0.03 0.03 0.03 0.03 0.03 0.03 0.03 0.03 0.03 0.03 0.03
 0.03 0.03 0.03 0.03 0.03 0.03 0.03 0.03 0.03 0.03 0.03 0.03 0.03 0.03
 0.03 0.03 0.03 0.03 0.03 0.03 0.03 0.03 0.03 0.03 0.03 0.03 0.03 0.03
 0.03 0.03 0.03 0.03 0.03 0.03 0.03 0.03 0.03 0.03 0.03 0.03 0.03 0.03
 0.03 0.03]
step_ratio_vec:,[0.1 0.1 0.1 0.1 0.1 0.1 0.1 0.1 0.1 0.1 0.1 0.1 0.1 0.1 0.1 0.1 0.1 0.1
 0.1 0.1 0.1 0.1 0.1 0.1 0.1 0.1 0.1 0.1 0.1 0.1 0.1 0.1 0.1 0.1 0.1 0.1
 0.1 0.1 0.1 0.1 0.1 0.1 0.1 0.1 0.1 0.1 0.1 0.1 0.1 0.1 0.1 0.1 0.1 0.1
 0.1 0.1 0.1 0.1 0.1 0.1 0.1 0.1 0.1 0.1 0.1 0.1 0.1 0.1 0.1 0.1 0.1 0.1
 0.1 0.1 0.1 0.1 0.1 0.1 0.1 0.1 0.1 0.1 0.1 0.1 0.1 0.1 0.1 0.1 0.1 0.1
 0.1 0.1 0.1 0.1 0.1 0.1 0.1 0.1 0.1 0.1 0.1 0.1 0.1 0.1 0.1 0.1 0.1 0.1
 0.1 0.1 0.1 0.1 0.1 0.1]
swap interval:,100
sim interval:,[      0.  250000.  500000.  750000. 1000000.]
likelihood_sed (T/F):,True
erodep_coords:,[[42 10]
 [39  8]
 [75 51]
 [59 13]
 [40  5]
 [ 6 20]
 [14 66]
 [ 4 40]
 [72 73]
 [46 64]]
sed scaling factor:,50
samples_per_chain:,1000
burnin:,0.25
num params:,114
initial_proposed_vec:,[1.50000000e+00 1.50000000e+00 1.50000000e+00 1.50000000e+00
 5.00000000e-06 5.00000000e-01 1.00000000e+00 5.00000000e-01
 8.00000000e-01 6.05949027e-02 1.53988262e-01 2.86475766e-01
 8.14829959e-02 6.82612412e-01 2.57436237e-01 1.66840114e-03
 1.29218171e-01 2.94108701e-01 1.29938310e-01 3.11963674e-02
 1.27751888e-01 2.46094008e-03 7.20020853e-02 1.97670982e-01
 2.40162924e-01 2.41374501e-01 1.80092128e-01 2.55250993e-01
 1.34535270e-01 1.84137177e-01 2.09418910e-01 2.67145008e-01
 3.75401979e-02 1.33182058e-01 1.07987464e-01 4.58490136e-02
 2.79488885e-01 2.35936714e-01 2.48400692e-01 1.91102359e-01
 1.09151160e-01 2.96444211e-01 1.07787681e-01 2.65263870e-01
 1.64640311e-01 5.99319922e-02 2.00041704e-02 6.68491362e-02
 2.19547842e-01 9.29847676e-02 2.60857944e-01 2.95942224e-01
 1.37850073e-01 6.50549763e-02 1.07241003e-01 4.37351515e-02
 2.82142231e-01 2.19486749e-01 2.51254292e-01 2.55456068e-01
 2.65823489e-01 1.53219854e-01 1.70587337e-01 9.73585020e-02
 4.82401788e-02 1.04458560e-01 5.70842723e-02 8.05007802e-02
 2.54854609e-01 5.25118578e-03 4.47018130e-02 4.77522847e-02
 1.44683488e-01 7.19654145e-02 1.34820956e-01 2.13556667e-01
 3.41756199e-02 2.78813888e-01 2.92078489e-01 1.67307915e-01
 1.16210091e-02 1.14134557e-01 2.82559484e-01 1.04882746e-01
 2.42491871e-01 1.91861617e-01 2.88052556e-01 1.99899539e-01
 1.39465435e-01 9.27797353e-02 1.17770678e-01 3.10913449e-02
 2.71225283e-01 1.54147098e-01 2.37600330e-01 2.71748853e-01
 1.79116101e-01 9.35445858e-02 9.64182648e-02 9.97504746e-02
 1.97704055e-01 5.16948338e-02 1.76370277e-01 1.27219225e-01
 7.71612170e-02 1.43290565e-02 2.90812773e-01 2.77100296e-01
 1.65069518e-01 2.21184871e-01 1.10994390e-01 6.90411857e-02
 1.06647808e-01 1.82695708e-01]
stepsize_vec:,[0.   0.   0.   0.   0.   0.   0.   0.   0.   0.1  0.1  0.1  0.1  0.1
 0.03 0.03 0.03 0.03 0.03 0.03 0.03 0.03 0.03 0.03 0.03 0.03 0.03 0.03
 0.03 0.03 0.03 0.03 0.03 0.03 0.03 0.03 0.03 0.03 0.03 0.03 0.03 0.03
 0.03 0.03 0.03 0.03 0.03 0.03 0.03 0.03 0.03 0.03 0.03 0.03 0.03 0.03
 0.03 0.03 0.03 0.03 0.03 0.03 0.03 0.03 0.03 0.03 0.03 0.03 0.03 0.03
 0.03 0.03 0.03 0.03 0.03 0.03 0.03 0.03 0.03 0.03 0.03 0.03 0.03 0.03
 0.03 0.03 0.03 0.03 0.03 0.03 0.03 0.03 0.03 0.03 0.03 0.03 0.03 0.03
 0.03 0.03 0.03 0.03 0.03 0.03 0.03 0.03 0.03 0.03 0.03 0.03 0.03 0.03
 0.03 0.03]
step_ratio_vec:,[0.1 0.1 0.1 0.1 0.1 0.1 0.1 0.1 0.1 0.1 0.1 0.1 0.1 0.1 0.1 0.1 0.1 0.1
 0.1 0.1 0.1 0.1 0.1 0.1 0.1 0.1 0.1 0.1 0.1 0.1 0.1 0.1 0.1 0.1 0.1 0.1
 0.1 0.1 0.1 0.1 0.1 0.1 0.1 0.1 0.1 0.1 0.1 0.1 0.1 0.1 0.1 0.1 0.1 0.1
 0.1 0.1 0.1 0.1 0.1 0.1 0.1 0.1 0.1 0.1 0.1 0.1 0.1 0.1 0.1 0.1 0.1 0.1
 0.1 0.1 0.1 0.1 0.1 0.1 0.1 0.1 0.1 0.1 0.1 0.1 0.1 0.1 0.1 0.1 0.1 0.1
 0.1 0.1 0.1 0.1 0.1 0.1 0.1 0.1 0.1 0.1 0.1 0.1 0.1 0.1 0.1 0.1 0.1 0.1
 0.1 0.1 0.1 0.1 0.1 0.1]
swap interval:,100
sim interval:,[      0.  250000.  500000.  750000. 1000000.]
likelihood_sed (T/F):,True
erodep_coords:,[[42 10]
 [39  8]
 [75 51]
 [59 13]
 [40  5]
 [ 6 20]
 [14 66]
 [ 4 40]
 [72 73]
 [46 64]]
sed scaling factor:,50
samples_per_chain:,1000
burnin:,0.25
num params:,114
initial_proposed_vec:,[1.50000000e+00 1.50000000e+00 1.50000000e+00 1.50000000e+00
 5.00000000e-06 5.00000000e-01 1.00000000e+00 5.00000000e-01
 8.00000000e-01 6.05949027e-02 1.53988262e-01 2.86475766e-01
 8.14829959e-02 6.82612412e-01 2.57436237e-01 1.66840114e-03
 1.29218171e-01 2.94108701e-01 1.29938310e-01 3.11963674e-02
 1.27751888e-01 2.46094008e-03 7.20020853e-02 1.97670982e-01
 2.40162924e-01 2.41374501e-01 1.80092128e-01 2.55250993e-01
 1.34535270e-01 1.84137177e-01 2.09418910e-01 2.67145008e-01
 3.75401979e-02 1.33182058e-01 1.07987464e-01 4.58490136e-02
 2.79488885e-01 2.35936714e-01 2.48400692e-01 1.91102359e-01
 1.09151160e-01 2.96444211e-01 1.07787681e-01 2.65263870e-01
 1.64640311e-01 5.99319922e-02 2.00041704e-02 6.68491362e-02
 2.19547842e-01 9.29847676e-02 2.60857944e-01 2.95942224e-01
 1.37850073e-01 6.50549763e-02 1.07241003e-01 4.37351515e-02
 2.82142231e-01 2.19486749e-01 2.51254292e-01 2.55456068e-01
 2.65823489e-01 1.53219854e-01 1.70587337e-01 9.73585020e-02
 4.82401788e-02 1.04458560e-01 5.70842723e-02 8.05007802e-02
 2.54854609e-01 5.25118578e-03 4.47018130e-02 4.77522847e-02
 1.44683488e-01 7.19654145e-02 1.34820956e-01 2.13556667e-01
 3.41756199e-02 2.78813888e-01 2.92078489e-01 1.67307915e-01
 1.16210091e-02 1.14134557e-01 2.82559484e-01 1.04882746e-01
 2.42491871e-01 1.91861617e-01 2.88052556e-01 1.99899539e-01
 1.39465435e-01 9.27797353e-02 1.17770678e-01 3.10913449e-02
 2.71225283e-01 1.54147098e-01 2.37600330e-01 2.71748853e-01
 1.79116101e-01 9.35445858e-02 9.64182648e-02 9.97504746e-02
 1.97704055e-01 5.16948338e-02 1.76370277e-01 1.27219225e-01
 7.71612170e-02 1.43290565e-02 2.90812773e-01 2.77100296e-01
 1.65069518e-01 2.21184871e-01 1.10994390e-01 6.90411857e-02
 1.06647808e-01 1.82695708e-01]
stepsize_vec:,[0.   0.   0.   0.   0.   0.   0.   0.   0.   0.1  0.1  0.1  0.1  0.1
 0.03 0.03 0.03 0.03 0.03 0.03 0.03 0.03 0.03 0.03 0.03 0.03 0.03 0.03
 0.03 0.03 0.03 0.03 0.03 0.03 0.03 0.03 0.03 0.03 0.03 0.03 0.03 0.03
 0.03 0.03 0.03 0.03 0.03 0.03 0.03 0.03 0.03 0.03 0.03 0.03 0.03 0.03
 0.03 0.03 0.03 0.03 0.03 0.03 0.03 0.03 0.03 0.03 0.03 0.03 0.03 0.03
 0.03 0.03 0.03 0.03 0.03 0.03 0.03 0.03 0.03 0.03 0.03 0.03 0.03 0.03
 0.03 0.03 0.03 0.03 0.03 0.03 0.03 0.03 0.03 0.03 0.03 0.03 0.03 0.03
 0.03 0.03 0.03 0.03 0.03 0.03 0.03 0.03 0.03 0.03 0.03 0.03 0.03 0.03
 0.03 0.03]
step_ratio_vec:,[0.1 0.1 0.1 0.1 0.1 0.1 0.1 0.1 0.1 0.1 0.1 0.1 0.1 0.1 0.1 0.1 0.1 0.1
 0.1 0.1 0.1 0.1 0.1 0.1 0.1 0.1 0.1 0.1 0.1 0.1 0.1 0.1 0.1 0.1 0.1 0.1
 0.1 0.1 0.1 0.1 0.1 0.1 0.1 0.1 0.1 0.1 0.1 0.1 0.1 0.1 0.1 0.1 0.1 0.1
 0.1 0.1 0.1 0.1 0.1 0.1 0.1 0.1 0.1 0.1 0.1 0.1 0.1 0.1 0.1 0.1 0.1 0.1
 0.1 0.1 0.1 0.1 0.1 0.1 0.1 0.1 0.1 0.1 0.1 0.1 0.1 0.1 0.1 0.1 0.1 0.1
 0.1 0.1 0.1 0.1 0.1 0.1 0.1 0.1 0.1 0.1 0.1 0.1 0.1 0.1 0.1 0.1 0.1 0.1
 0.1 0.1 0.1 0.1 0.1 0.1]
swap interval:,100
sim interval:,[      0.  250000.  500000.  750000. 1000000.]
likelihood_sed (T/F):,True
erodep_coords:,[[42 10]
 [39  8]
 [75 51]
 [59 13]
 [40  5]
 [ 6 20]
 [14 66]
 [ 4 40]
 [72 73]
 [46 64]]
sed scaling factor:,50
samples_per_chain:,1000
burnin:,0.25
num params:,114
initial_proposed_vec:,[1.50000000e+00 1.50000000e+00 1.50000000e+00 1.50000000e+00
 5.00000000e-06 5.00000000e-01 1.00000000e+00 5.00000000e-01
 8.00000000e-01 6.05949027e-02 1.53988262e-01 2.86475766e-01
 8.14829959e-02 6.82612412e-01 2.57436237e-01 1.66840114e-03
 1.29218171e-01 2.94108701e-01 1.29938310e-01 3.11963674e-02
 1.27751888e-01 2.46094008e-03 7.20020853e-02 1.97670982e-01
 2.40162924e-01 2.41374501e-01 1.80092128e-01 2.55250993e-01
 1.34535270e-01 1.84137177e-01 2.09418910e-01 2.67145008e-01
 3.75401979e-02 1.33182058e-01 1.07987464e-01 4.58490136e-02
 2.79488885e-01 2.35936714e-01 2.48400692e-01 1.91102359e-01
 1.09151160e-01 2.96444211e-01 1.07787681e-01 2.65263870e-01
 1.64640311e-01 5.99319922e-02 2.00041704e-02 6.68491362e-02
 2.19547842e-01 9.29847676e-02 2.60857944e-01 2.95942224e-01
 1.37850073e-01 6.50549763e-02 1.07241003e-01 4.37351515e-02
 2.82142231e-01 2.19486749e-01 2.51254292e-01 2.55456068e-01
 2.65823489e-01 1.53219854e-01 1.70587337e-01 9.73585020e-02
 4.82401788e-02 1.04458560e-01 5.70842723e-02 8.05007802e-02
 2.54854609e-01 5.25118578e-03 4.47018130e-02 4.77522847e-02
 1.44683488e-01 7.19654145e-02 1.34820956e-01 2.13556667e-01
 3.41756199e-02 2.78813888e-01 2.92078489e-01 1.67307915e-01
 1.16210091e-02 1.14134557e-01 2.82559484e-01 1.04882746e-01
 2.42491871e-01 1.91861617e-01 2.88052556e-01 1.99899539e-01
 1.39465435e-01 9.27797353e-02 1.17770678e-01 3.10913449e-02
 2.71225283e-01 1.54147098e-01 2.37600330e-01 2.71748853e-01
 1.79116101e-01 9.35445858e-02 9.64182648e-02 9.97504746e-02
 1.97704055e-01 5.16948338e-02 1.76370277e-01 1.27219225e-01
 7.71612170e-02 1.43290565e-02 2.90812773e-01 2.77100296e-01
 1.65069518e-01 2.21184871e-01 1.10994390e-01 6.90411857e-02
 1.06647808e-01 1.82695708e-01]
stepsize_vec:,[0.   0.   0.   0.   0.   0.   0.   0.   0.   0.1  0.1  0.1  0.1  0.1
 0.03 0.03 0.03 0.03 0.03 0.03 0.03 0.03 0.03 0.03 0.03 0.03 0.03 0.03
 0.03 0.03 0.03 0.03 0.03 0.03 0.03 0.03 0.03 0.03 0.03 0.03 0.03 0.03
 0.03 0.03 0.03 0.03 0.03 0.03 0.03 0.03 0.03 0.03 0.03 0.03 0.03 0.03
 0.03 0.03 0.03 0.03 0.03 0.03 0.03 0.03 0.03 0.03 0.03 0.03 0.03 0.03
 0.03 0.03 0.03 0.03 0.03 0.03 0.03 0.03 0.03 0.03 0.03 0.03 0.03 0.03
 0.03 0.03 0.03 0.03 0.03 0.03 0.03 0.03 0.03 0.03 0.03 0.03 0.03 0.03
 0.03 0.03 0.03 0.03 0.03 0.03 0.03 0.03 0.03 0.03 0.03 0.03 0.03 0.03
 0.03 0.03]
step_ratio_vec:,[0.1 0.1 0.1 0.1 0.1 0.1 0.1 0.1 0.1 0.1 0.1 0.1 0.1 0.1 0.1 0.1 0.1 0.1
 0.1 0.1 0.1 0.1 0.1 0.1 0.1 0.1 0.1 0.1 0.1 0.1 0.1 0.1 0.1 0.1 0.1 0.1
 0.1 0.1 0.1 0.1 0.1 0.1 0.1 0.1 0.1 0.1 0.1 0.1 0.1 0.1 0.1 0.1 0.1 0.1
 0.1 0.1 0.1 0.1 0.1 0.1 0.1 0.1 0.1 0.1 0.1 0.1 0.1 0.1 0.1 0.1 0.1 0.1
 0.1 0.1 0.1 0.1 0.1 0.1 0.1 0.1 0.1 0.1 0.1 0.1 0.1 0.1 0.1 0.1 0.1 0.1
 0.1 0.1 0.1 0.1 0.1 0.1 0.1 0.1 0.1 0.1 0.1 0.1 0.1 0.1 0.1 0.1 0.1 0.1
 0.1 0.1 0.1 0.1 0.1 0.1]
swap interval:,100
sim interval:,[      0.  250000.  500000.  750000. 1000000.]
likelihood_sed (T/F):,True
erodep_coords:,[[42 10]
 [39  8]
 [75 51]
 [59 13]
 [40  5]
 [ 6 20]
 [14 66]
 [ 4 40]
 [72 73]
 [46 64]]
sed scaling factor:,50
samples_per_chain:,1000
burnin:,0.25
num params:,114
initial_proposed_vec:,[1.50000000e+00 1.50000000e+00 1.50000000e+00 1.50000000e+00
 5.00000000e-06 5.00000000e-01 1.00000000e+00 5.00000000e-01
 8.00000000e-01 6.05949027e-02 1.53988262e-01 2.86475766e-01
 8.14829959e-02 6.82612412e-01 2.57436237e-01 1.66840114e-03
 1.29218171e-01 2.94108701e-01 1.29938310e-01 3.11963674e-02
 1.27751888e-01 2.46094008e-03 7.20020853e-02 1.97670982e-01
 2.40162924e-01 2.41374501e-01 1.80092128e-01 2.55250993e-01
 1.34535270e-01 1.84137177e-01 2.09418910e-01 2.67145008e-01
 3.75401979e-02 1.33182058e-01 1.07987464e-01 4.58490136e-02
 2.79488885e-01 2.35936714e-01 2.48400692e-01 1.91102359e-01
 1.09151160e-01 2.96444211e-01 1.07787681e-01 2.65263870e-01
 1.64640311e-01 5.99319922e-02 2.00041704e-02 6.68491362e-02
 2.19547842e-01 9.29847676e-02 2.60857944e-01 2.95942224e-01
 1.37850073e-01 6.50549763e-02 1.07241003e-01 4.37351515e-02
 2.82142231e-01 2.19486749e-01 2.51254292e-01 2.55456068e-01
 2.65823489e-01 1.53219854e-01 1.70587337e-01 9.73585020e-02
 4.82401788e-02 1.04458560e-01 5.70842723e-02 8.05007802e-02
 2.54854609e-01 5.25118578e-03 4.47018130e-02 4.77522847e-02
 1.44683488e-01 7.19654145e-02 1.34820956e-01 2.13556667e-01
 3.41756199e-02 2.78813888e-01 2.92078489e-01 1.67307915e-01
 1.16210091e-02 1.14134557e-01 2.82559484e-01 1.04882746e-01
 2.42491871e-01 1.91861617e-01 2.88052556e-01 1.99899539e-01
 1.39465435e-01 9.27797353e-02 1.17770678e-01 3.10913449e-02
 2.71225283e-01 1.54147098e-01 2.37600330e-01 2.71748853e-01
 1.79116101e-01 9.35445858e-02 9.64182648e-02 9.97504746e-02
 1.97704055e-01 5.16948338e-02 1.76370277e-01 1.27219225e-01
 7.71612170e-02 1.43290565e-02 2.90812773e-01 2.77100296e-01
 1.65069518e-01 2.21184871e-01 1.10994390e-01 6.90411857e-02
 1.06647808e-01 1.82695708e-01]
stepsize_vec:,[0.   0.   0.   0.   0.   0.   0.   0.   0.   0.1  0.1  0.1  0.1  0.1
 0.03 0.03 0.03 0.03 0.03 0.03 0.03 0.03 0.03 0.03 0.03 0.03 0.03 0.03
 0.03 0.03 0.03 0.03 0.03 0.03 0.03 0.03 0.03 0.03 0.03 0.03 0.03 0.03
 0.03 0.03 0.03 0.03 0.03 0.03 0.03 0.03 0.03 0.03 0.03 0.03 0.03 0.03
 0.03 0.03 0.03 0.03 0.03 0.03 0.03 0.03 0.03 0.03 0.03 0.03 0.03 0.03
 0.03 0.03 0.03 0.03 0.03 0.03 0.03 0.03 0.03 0.03 0.03 0.03 0.03 0.03
 0.03 0.03 0.03 0.03 0.03 0.03 0.03 0.03 0.03 0.03 0.03 0.03 0.03 0.03
 0.03 0.03 0.03 0.03 0.03 0.03 0.03 0.03 0.03 0.03 0.03 0.03 0.03 0.03
 0.03 0.03]
step_ratio_vec:,[0.1 0.1 0.1 0.1 0.1 0.1 0.1 0.1 0.1 0.1 0.1 0.1 0.1 0.1 0.1 0.1 0.1 0.1
 0.1 0.1 0.1 0.1 0.1 0.1 0.1 0.1 0.1 0.1 0.1 0.1 0.1 0.1 0.1 0.1 0.1 0.1
 0.1 0.1 0.1 0.1 0.1 0.1 0.1 0.1 0.1 0.1 0.1 0.1 0.1 0.1 0.1 0.1 0.1 0.1
 0.1 0.1 0.1 0.1 0.1 0.1 0.1 0.1 0.1 0.1 0.1 0.1 0.1 0.1 0.1 0.1 0.1 0.1
 0.1 0.1 0.1 0.1 0.1 0.1 0.1 0.1 0.1 0.1 0.1 0.1 0.1 0.1 0.1 0.1 0.1 0.1
 0.1 0.1 0.1 0.1 0.1 0.1 0.1 0.1 0.1 0.1 0.1 0.1 0.1 0.1 0.1 0.1 0.1 0.1
 0.1 0.1 0.1 0.1 0.1 0.1]
swap interval:,100
sim interval:,[      0.  250000.  500000.  750000. 1000000.]
likelihood_sed (T/F):,True
erodep_coords:,[[42 10]
 [39  8]
 [75 51]
 [59 13]
 [40  5]
 [ 6 20]
 [14 66]
 [ 4 40]
 [72 73]
 [46 64]]
sed scaling factor:,50
samples_per_chain:,1000
burnin:,0.25
num params:,114
initial_proposed_vec:,[1.50000000e+00 1.50000000e+00 1.50000000e+00 1.50000000e+00
 5.00000000e-06 5.00000000e-01 1.00000000e+00 5.00000000e-01
 8.00000000e-01 6.05949027e-02 1.53988262e-01 2.86475766e-01
 8.14829959e-02 6.82612412e-01 2.57436237e-01 1.66840114e-03
 1.29218171e-01 2.94108701e-01 1.29938310e-01 3.11963674e-02
 1.27751888e-01 2.46094008e-03 7.20020853e-02 1.97670982e-01
 2.40162924e-01 2.41374501e-01 1.80092128e-01 2.55250993e-01
 1.34535270e-01 1.84137177e-01 2.09418910e-01 2.67145008e-01
 3.75401979e-02 1.33182058e-01 1.07987464e-01 4.58490136e-02
 2.79488885e-01 2.35936714e-01 2.48400692e-01 1.91102359e-01
 1.09151160e-01 2.96444211e-01 1.07787681e-01 2.65263870e-01
 1.64640311e-01 5.99319922e-02 2.00041704e-02 6.68491362e-02
 2.19547842e-01 9.29847676e-02 2.60857944e-01 2.95942224e-01
 1.37850073e-01 6.50549763e-02 1.07241003e-01 4.37351515e-02
 2.82142231e-01 2.19486749e-01 2.51254292e-01 2.55456068e-01
 2.65823489e-01 1.53219854e-01 1.70587337e-01 9.73585020e-02
 4.82401788e-02 1.04458560e-01 5.70842723e-02 8.05007802e-02
 2.54854609e-01 5.25118578e-03 4.47018130e-02 4.77522847e-02
 1.44683488e-01 7.19654145e-02 1.34820956e-01 2.13556667e-01
 3.41756199e-02 2.78813888e-01 2.92078489e-01 1.67307915e-01
 1.16210091e-02 1.14134557e-01 2.82559484e-01 1.04882746e-01
 2.42491871e-01 1.91861617e-01 2.88052556e-01 1.99899539e-01
 1.39465435e-01 9.27797353e-02 1.17770678e-01 3.10913449e-02
 2.71225283e-01 1.54147098e-01 2.37600330e-01 2.71748853e-01
 1.79116101e-01 9.35445858e-02 9.64182648e-02 9.97504746e-02
 1.97704055e-01 5.16948338e-02 1.76370277e-01 1.27219225e-01
 7.71612170e-02 1.43290565e-02 2.90812773e-01 2.77100296e-01
 1.65069518e-01 2.21184871e-01 1.10994390e-01 6.90411857e-02
 1.06647808e-01 1.82695708e-01]
stepsize_vec:,[0.   0.   0.   0.   0.   0.   0.   0.   0.   0.1  0.1  0.1  0.1  0.1
 0.03 0.03 0.03 0.03 0.03 0.03 0.03 0.03 0.03 0.03 0.03 0.03 0.03 0.03
 0.03 0.03 0.03 0.03 0.03 0.03 0.03 0.03 0.03 0.03 0.03 0.03 0.03 0.03
 0.03 0.03 0.03 0.03 0.03 0.03 0.03 0.03 0.03 0.03 0.03 0.03 0.03 0.03
 0.03 0.03 0.03 0.03 0.03 0.03 0.03 0.03 0.03 0.03 0.03 0.03 0.03 0.03
 0.03 0.03 0.03 0.03 0.03 0.03 0.03 0.03 0.03 0.03 0.03 0.03 0.03 0.03
 0.03 0.03 0.03 0.03 0.03 0.03 0.03 0.03 0.03 0.03 0.03 0.03 0.03 0.03
 0.03 0.03 0.03 0.03 0.03 0.03 0.03 0.03 0.03 0.03 0.03 0.03 0.03 0.03
 0.03 0.03]
step_ratio_vec:,[0.1 0.1 0.1 0.1 0.1 0.1 0.1 0.1 0.1 0.1 0.1 0.1 0.1 0.1 0.1 0.1 0.1 0.1
 0.1 0.1 0.1 0.1 0.1 0.1 0.1 0.1 0.1 0.1 0.1 0.1 0.1 0.1 0.1 0.1 0.1 0.1
 0.1 0.1 0.1 0.1 0.1 0.1 0.1 0.1 0.1 0.1 0.1 0.1 0.1 0.1 0.1 0.1 0.1 0.1
 0.1 0.1 0.1 0.1 0.1 0.1 0.1 0.1 0.1 0.1 0.1 0.1 0.1 0.1 0.1 0.1 0.1 0.1
 0.1 0.1 0.1 0.1 0.1 0.1 0.1 0.1 0.1 0.1 0.1 0.1 0.1 0.1 0.1 0.1 0.1 0.1
 0.1 0.1 0.1 0.1 0.1 0.1 0.1 0.1 0.1 0.1 0.1 0.1 0.1 0.1 0.1 0.1 0.1 0.1
 0.1 0.1 0.1 0.1 0.1 0.1]
swap interval:,100
sim interval:,[      0.  250000.  500000.  750000. 1000000.]
likelihood_sed (T/F):,True
erodep_coords:,[[42 10]
 [39  8]
 [75 51]
 [59 13]
 [40  5]
 [ 6 20]
 [14 66]
 [ 4 40]
 [72 73]
 [46 64]]
sed scaling factor:,50
samples_per_chain:,1000
burnin:,0.25
num params:,114
initial_proposed_vec:,[1.50000000e+00 1.50000000e+00 1.50000000e+00 1.50000000e+00
 5.00000000e-06 5.00000000e-01 1.00000000e+00 5.00000000e-01
 8.00000000e-01 6.05949027e-02 1.53988262e-01 2.86475766e-01
 8.14829959e-02 6.82612412e-01 2.57436237e-01 1.66840114e-03
 1.29218171e-01 2.94108701e-01 1.29938310e-01 3.11963674e-02
 1.27751888e-01 2.46094008e-03 7.20020853e-02 1.97670982e-01
 2.40162924e-01 2.41374501e-01 1.80092128e-01 2.55250993e-01
 1.34535270e-01 1.84137177e-01 2.09418910e-01 2.67145008e-01
 3.75401979e-02 1.33182058e-01 1.07987464e-01 4.58490136e-02
 2.79488885e-01 2.35936714e-01 2.48400692e-01 1.91102359e-01
 1.09151160e-01 2.96444211e-01 1.07787681e-01 2.65263870e-01
 1.64640311e-01 5.99319922e-02 2.00041704e-02 6.68491362e-02
 2.19547842e-01 9.29847676e-02 2.60857944e-01 2.95942224e-01
 1.37850073e-01 6.50549763e-02 1.07241003e-01 4.37351515e-02
 2.82142231e-01 2.19486749e-01 2.51254292e-01 2.55456068e-01
 2.65823489e-01 1.53219854e-01 1.70587337e-01 9.73585020e-02
 4.82401788e-02 1.04458560e-01 5.70842723e-02 8.05007802e-02
 2.54854609e-01 5.25118578e-03 4.47018130e-02 4.77522847e-02
 1.44683488e-01 7.19654145e-02 1.34820956e-01 2.13556667e-01
 3.41756199e-02 2.78813888e-01 2.92078489e-01 1.67307915e-01
 1.16210091e-02 1.14134557e-01 2.82559484e-01 1.04882746e-01
 2.42491871e-01 1.91861617e-01 2.88052556e-01 1.99899539e-01
 1.39465435e-01 9.27797353e-02 1.17770678e-01 3.10913449e-02
 2.71225283e-01 1.54147098e-01 2.37600330e-01 2.71748853e-01
 1.79116101e-01 9.35445858e-02 9.64182648e-02 9.97504746e-02
 1.97704055e-01 5.16948338e-02 1.76370277e-01 1.27219225e-01
 7.71612170e-02 1.43290565e-02 2.90812773e-01 2.77100296e-01
 1.65069518e-01 2.21184871e-01 1.10994390e-01 6.90411857e-02
 1.06647808e-01 1.82695708e-01]
stepsize_vec:,[0.   0.   0.   0.   0.   0.   0.   0.   0.   0.1  0.1  0.1  0.1  0.1
 0.03 0.03 0.03 0.03 0.03 0.03 0.03 0.03 0.03 0.03 0.03 0.03 0.03 0.03
 0.03 0.03 0.03 0.03 0.03 0.03 0.03 0.03 0.03 0.03 0.03 0.03 0.03 0.03
 0.03 0.03 0.03 0.03 0.03 0.03 0.03 0.03 0.03 0.03 0.03 0.03 0.03 0.03
 0.03 0.03 0.03 0.03 0.03 0.03 0.03 0.03 0.03 0.03 0.03 0.03 0.03 0.03
 0.03 0.03 0.03 0.03 0.03 0.03 0.03 0.03 0.03 0.03 0.03 0.03 0.03 0.03
 0.03 0.03 0.03 0.03 0.03 0.03 0.03 0.03 0.03 0.03 0.03 0.03 0.03 0.03
 0.03 0.03 0.03 0.03 0.03 0.03 0.03 0.03 0.03 0.03 0.03 0.03 0.03 0.03
 0.03 0.03]
step_ratio_vec:,[0.1 0.1 0.1 0.1 0.1 0.1 0.1 0.1 0.1 0.1 0.1 0.1 0.1 0.1 0.1 0.1 0.1 0.1
 0.1 0.1 0.1 0.1 0.1 0.1 0.1 0.1 0.1 0.1 0.1 0.1 0.1 0.1 0.1 0.1 0.1 0.1
 0.1 0.1 0.1 0.1 0.1 0.1 0.1 0.1 0.1 0.1 0.1 0.1 0.1 0.1 0.1 0.1 0.1 0.1
 0.1 0.1 0.1 0.1 0.1 0.1 0.1 0.1 0.1 0.1 0.1 0.1 0.1 0.1 0.1 0.1 0.1 0.1
 0.1 0.1 0.1 0.1 0.1 0.1 0.1 0.1 0.1 0.1 0.1 0.1 0.1 0.1 0.1 0.1 0.1 0.1
 0.1 0.1 0.1 0.1 0.1 0.1 0.1 0.1 0.1 0.1 0.1 0.1 0.1 0.1 0.1 0.1 0.1 0.1
 0.1 0.1 0.1 0.1 0.1 0.1]
swap interval:,100
sim interval:,[      0.  250000.  500000.  750000. 1000000.]
likelihood_sed (T/F):,True
erodep_coords:,[[42 10]
 [39  8]
 [75 51]
 [59 13]
 [40  5]
 [ 6 20]
 [14 66]
 [ 4 40]
 [72 73]
 [46 64]]
sed scaling factor:,50