
samples_per_chain:,2000
burnin:,0.25
num params:,21
initial_proposed_vec:,[6.96736141e-02 1.34292841e+00 3.68300114e-01 2.33863921e+00
 2.27787909e+00 1.65947529e+00 1.32080782e+00 6.74635568e-01
 1.13807014e+00 2.37163839e+00 1.30822452e+00 6.11491739e-01
 4.01162479e-01 2.06085570e+00 7.32357371e-01 5.25423341e-01
 5.14955574e-06 3.55857262e-01 1.29566984e+00 7.11808492e-03
 1.80715690e-01]
stepsize_vec:,[3.e-01 3.e-01 3.e-01 3.e-01 3.e-01 3.e-01 3.e-01 3.e-01 3.e-01 3.e-01
 3.e-01 3.e-01 3.e-01 3.e-01 3.e-01 3.e-01 2.e-07 1.e-01 2.e-01 1.e-01
 1.e-01]
step_ratio_vec:,[0.1 0.1 0.1 0.1 0.1 0.1 0.1 0.1 0.1 0.1 0.1 0.1 0.1 0.1 0.1 0.1 0.1 0.1
 0.1 0.1 0.1]
swap interval:,200
sim interval:,[      0.  250000.  500000.  750000. 1000000.]
likelihood_sed (T/F):,True
erodep_coords:,[[42 10]
 [39  8]
 [75 51]
 [59 13]
 [40  5]
 [ 6 20]
 [14 66]
 [ 4 40]
 [72 73]
 [46 64]]
sed scaling factor:,50
samples_per_chain:,2000
burnin:,0.25
num params:,21
initial_proposed_vec:,[6.96736141e-02 1.34292841e+00 3.68300114e-01 2.33863921e+00
 2.27787909e+00 1.65947529e+00 1.32080782e+00 6.74635568e-01
 1.13807014e+00 2.37163839e+00 1.30822452e+00 6.11491739e-01
 4.01162479e-01 2.06085570e+00 7.32357371e-01 5.25423341e-01
 5.14955574e-06 3.55857262e-01 1.29566984e+00 7.11808492e-03
 1.80715690e-01]
stepsize_vec:,[3.e-01 3.e-01 3.e-01 3.e-01 3.e-01 3.e-01 3.e-01 3.e-01 3.e-01 3.e-01
 3.e-01 3.e-01 3.e-01 3.e-01 3.e-01 3.e-01 2.e-07 1.e-01 2.e-01 1.e-01
 1.e-01]
step_ratio_vec:,[0.1 0.1 0.1 0.1 0.1 0.1 0.1 0.1 0.1 0.1 0.1 0.1 0.1 0.1 0.1 0.1 0.1 0.1
 0.1 0.1 0.1]
swap interval:,200
sim interval:,[      0.  250000.  500000.  750000. 1000000.]
likelihood_sed (T/F):,True
erodep_coords:,[[42 10]
 [39  8]
 [75 51]
 [59 13]
 [40  5]
 [ 6 20]
 [14 66]
 [ 4 40]
 [72 73]
 [46 64]]
sed scaling factor:,50
samples_per_chain:,2000
burnin:,0.25
num params:,21
initial_proposed_vec:,[6.96736141e-02 1.34292841e+00 3.68300114e-01 2.33863921e+00
 2.27787909e+00 1.65947529e+00 1.32080782e+00 6.74635568e-01
 1.13807014e+00 2.37163839e+00 1.30822452e+00 6.11491739e-01
 4.01162479e-01 2.06085570e+00 7.32357371e-01 5.25423341e-01
 5.14955574e-06 3.55857262e-01 1.29566984e+00 7.11808492e-03
 1.80715690e-01]
stepsize_vec:,[3.e-01 3.e-01 3.e-01 3.e-01 3.e-01 3.e-01 3.e-01 3.e-01 3.e-01 3.e-01
 3.e-01 3.e-01 3.e-01 3.e-01 3.e-01 3.e-01 2.e-07 1.e-01 2.e-01 1.e-01
 1.e-01]
step_ratio_vec:,[0.1 0.1 0.1 0.1 0.1 0.1 0.1 0.1 0.1 0.1 0.1 0.1 0.1 0.1 0.1 0.1 0.1 0.1
 0.1 0.1 0.1]
swap interval:,200
sim interval:,[      0.  250000.  500000.  750000. 1000000.]
likelihood_sed (T/F):,True
erodep_coords:,[[42 10]
 [39  8]
 [75 51]
 [59 13]
 [40  5]
 [ 6 20]
 [14 66]
 [ 4 40]
 [72 73]
 [46 64]]
sed scaling factor:,50
samples_per_chain:,2000
burnin:,0.25
num params:,21
initial_proposed_vec:,[6.96736141e-02 1.34292841e+00 3.68300114e-01 2.33863921e+00
 2.27787909e+00 1.65947529e+00 1.32080782e+00 6.74635568e-01
 1.13807014e+00 2.37163839e+00 1.30822452e+00 6.11491739e-01
 4.01162479e-01 2.06085570e+00 7.32357371e-01 5.25423341e-01
 5.14955574e-06 3.55857262e-01 1.29566984e+00 7.11808492e-03
 1.80715690e-01]
stepsize_vec:,[3.e-01 3.e-01 3.e-01 3.e-01 3.e-01 3.e-01 3.e-01 3.e-01 3.e-01 3.e-01
 3.e-01 3.e-01 3.e-01 3.e-01 3.e-01 3.e-01 2.e-07 1.e-01 2.e-01 1.e-01
 1.e-01]
step_ratio_vec:,[0.1 0.1 0.1 0.1 0.1 0.1 0.1 0.1 0.1 0.1 0.1 0.1 0.1 0.1 0.1 0.1 0.1 0.1
 0.1 0.1 0.1]
swap interval:,200
sim interval:,[      0.  250000.  500000.  750000. 1000000.]
likelihood_sed (T/F):,True
erodep_coords:,[[42 10]
 [39  8]
 [75 51]
 [59 13]
 [40  5]
 [ 6 20]
 [14 66]
 [ 4 40]
 [72 73]
 [46 64]]
sed scaling factor:,50
samples_per_chain:,2000
burnin:,0.25
num params:,21
initial_proposed_vec:,[6.96736141e-02 1.34292841e+00 3.68300114e-01 2.33863921e+00
 2.27787909e+00 1.65947529e+00 1.32080782e+00 6.74635568e-01
 1.13807014e+00 2.37163839e+00 1.30822452e+00 6.11491739e-01
 4.01162479e-01 2.06085570e+00 7.32357371e-01 5.25423341e-01
 5.14955574e-06 3.55857262e-01 1.29566984e+00 7.11808492e-03
 1.80715690e-01]
stepsize_vec:,[3.e-01 3.e-01 3.e-01 3.e-01 3.e-01 3.e-01 3.e-01 3.e-01 3.e-01 3.e-01
 3.e-01 3.e-01 3.e-01 3.e-01 3.e-01 3.e-01 2.e-07 1.e-01 2.e-01 1.e-01
 1.e-01]
step_ratio_vec:,[0.1 0.1 0.1 0.1 0.1 0.1 0.1 0.1 0.1 0.1 0.1 0.1 0.1 0.1 0.1 0.1 0.1 0.1
 0.1 0.1 0.1]
swap interval:,200
sim interval:,[      0.  250000.  500000.  750000. 1000000.]
likelihood_sed (T/F):,True
erodep_coords:,[[42 10]
 [39  8]
 [75 51]
 [59 13]
 [40  5]
 [ 6 20]
 [14 66]
 [ 4 40]
 [72 73]
 [46 64]]
sed scaling factor:,50
samples_per_chain:,2000
burnin:,0.25
num params:,21
initial_proposed_vec:,[6.96736141e-02 1.34292841e+00 3.68300114e-01 2.33863921e+00
 2.27787909e+00 1.65947529e+00 1.32080782e+00 6.74635568e-01
 1.13807014e+00 2.37163839e+00 1.30822452e+00 6.11491739e-01
 4.01162479e-01 2.06085570e+00 7.32357371e-01 5.25423341e-01
 5.14955574e-06 3.55857262e-01 1.29566984e+00 7.11808492e-03
 1.80715690e-01]
stepsize_vec:,[3.e-01 3.e-01 3.e-01 3.e-01 3.e-01 3.e-01 3.e-01 3.e-01 3.e-01 3.e-01
 3.e-01 3.e-01 3.e-01 3.e-01 3.e-01 3.e-01 2.e-07 1.e-01 2.e-01 1.e-01
 1.e-01]
step_ratio_vec:,[0.1 0.1 0.1 0.1 0.1 0.1 0.1 0.1 0.1 0.1 0.1 0.1 0.1 0.1 0.1 0.1 0.1 0.1
 0.1 0.1 0.1]
swap interval:,200
sim interval:,[      0.  250000.  500000.  750000. 1000000.]
likelihood_sed (T/F):,True
erodep_coords:,[[42 10]
 [39  8]
 [75 51]
 [59 13]
 [40  5]
 [ 6 20]
 [14 66]
 [ 4 40]
 [72 73]
 [46 64]]
sed scaling factor:,50
samples_per_chain:,2000
burnin:,0.25
num params:,21
initial_proposed_vec:,[6.96736141e-02 1.34292841e+00 3.68300114e-01 2.33863921e+00
 2.27787909e+00 1.65947529e+00 1.32080782e+00 6.74635568e-01
 1.13807014e+00 2.37163839e+00 1.30822452e+00 6.11491739e-01
 4.01162479e-01 2.06085570e+00 7.32357371e-01 5.25423341e-01
 5.14955574e-06 3.55857262e-01 1.29566984e+00 7.11808492e-03
 1.80715690e-01]
stepsize_vec:,[3.e-01 3.e-01 3.e-01 3.e-01 3.e-01 3.e-01 3.e-01 3.e-01 3.e-01 3.e-01
 3.e-01 3.e-01 3.e-01 3.e-01 3.e-01 3.e-01 2.e-07 1.e-01 2.e-01 1.e-01
 1.e-01]
step_ratio_vec:,[0.1 0.1 0.1 0.1 0.1 0.1 0.1 0.1 0.1 0.1 0.1 0.1 0.1 0.1 0.1 0.1 0.1 0.1
 0.1 0.1 0.1]
swap interval:,200
sim interval:,[      0.  250000.  500000.  750000. 1000000.]
likelihood_sed (T/F):,True
erodep_coords:,[[42 10]
 [39  8]
 [75 51]
 [59 13]
 [40  5]
 [ 6 20]
 [14 66]
 [ 4 40]
 [72 73]
 [46 64]]
sed scaling factor:,50
samples_per_chain:,2000
burnin:,0.25
num params:,21
initial_proposed_vec:,[6.96736141e-02 1.34292841e+00 3.68300114e-01 2.33863921e+00
 2.27787909e+00 1.65947529e+00 1.32080782e+00 6.74635568e-01
 1.13807014e+00 2.37163839e+00 1.30822452e+00 6.11491739e-01
 4.01162479e-01 2.06085570e+00 7.32357371e-01 5.25423341e-01
 5.14955574e-06 3.55857262e-01 1.29566984e+00 7.11808492e-03
 1.80715690e-01]
stepsize_vec:,[3.e-01 3.e-01 3.e-01 3.e-01 3.e-01 3.e-01 3.e-01 3.e-01 3.e-01 3.e-01
 3.e-01 3.e-01 3.e-01 3.e-01 3.e-01 3.e-01 2.e-07 1.e-01 2.e-01 1.e-01
 1.e-01]
step_ratio_vec:,[0.1 0.1 0.1 0.1 0.1 0.1 0.1 0.1 0.1 0.1 0.1 0.1 0.1 0.1 0.1 0.1 0.1 0.1
 0.1 0.1 0.1]
swap interval:,200
sim interval:,[      0.  250000.  500000.  750000. 1000000.]
likelihood_sed (T/F):,True
erodep_coords:,[[42 10]
 [39  8]
 [75 51]
 [59 13]
 [40  5]
 [ 6 20]
 [14 66]
 [ 4 40]
 [72 73]
 [46 64]]
sed scaling factor:,50
samples_per_chain:,2000
burnin:,0.25
num params:,21
initial_proposed_vec:,[6.96736141e-02 1.34292841e+00 3.68300114e-01 2.33863921e+00
 2.27787909e+00 1.65947529e+00 1.32080782e+00 6.74635568e-01
 1.13807014e+00 2.37163839e+00 1.30822452e+00 6.11491739e-01
 4.01162479e-01 2.06085570e+00 7.32357371e-01 5.25423341e-01
 5.14955574e-06 3.55857262e-01 1.29566984e+00 7.11808492e-03
 1.80715690e-01]
stepsize_vec:,[3.e-01 3.e-01 3.e-01 3.e-01 3.e-01 3.e-01 3.e-01 3.e-01 3.e-01 3.e-01
 3.e-01 3.e-01 3.e-01 3.e-01 3.e-01 3.e-01 2.e-07 1.e-01 2.e-01 1.e-01
 1.e-01]
step_ratio_vec:,[0.1 0.1 0.1 0.1 0.1 0.1 0.1 0.1 0.1 0.1 0.1 0.1 0.1 0.1 0.1 0.1 0.1 0.1
 0.1 0.1 0.1]
swap interval:,200
sim interval:,[      0.  250000.  500000.  750000. 1000000.]
likelihood_sed (T/F):,True
erodep_coords:,[[42 10]
 [39  8]
 [75 51]
 [59 13]
 [40  5]
 [ 6 20]
 [14 66]
 [ 4 40]
 [72 73]
 [46 64]]
sed scaling factor:,50
samples_per_chain:,2000
burnin:,0.25
num params:,21
initial_proposed_vec:,[6.96736141e-02 1.34292841e+00 3.68300114e-01 2.33863921e+00
 2.27787909e+00 1.65947529e+00 1.32080782e+00 6.74635568e-01
 1.13807014e+00 2.37163839e+00 1.30822452e+00 6.11491739e-01
 4.01162479e-01 2.06085570e+00 7.32357371e-01 5.25423341e-01
 5.14955574e-06 3.55857262e-01 1.29566984e+00 7.11808492e-03
 1.80715690e-01]
stepsize_vec:,[3.e-01 3.e-01 3.e-01 3.e-01 3.e-01 3.e-01 3.e-01 3.e-01 3.e-01 3.e-01
 3.e-01 3.e-01 3.e-01 3.e-01 3.e-01 3.e-01 2.e-07 1.e-01 2.e-01 1.e-01
 1.e-01]
step_ratio_vec:,[0.1 0.1 0.1 0.1 0.1 0.1 0.1 0.1 0.1 0.1 0.1 0.1 0.1 0.1 0.1 0.1 0.1 0.1
 0.1 0.1 0.1]
swap interval:,200
sim interval:,[      0.  250000.  500000.  750000. 1000000.]
likelihood_sed (T/F):,True
erodep_coords:,[[42 10]
 [39  8]
 [75 51]
 [59 13]
 [40  5]
 [ 6 20]
 [14 66]
 [ 4 40]
 [72 73]
 [46 64]]
sed scaling factor:,50