
samples_per_chain:,2000
burnin:,0.25
num params:,21
initial_proposed_vec:,[2.52128869e+00 6.49117269e-01 8.43750985e-01 1.86509623e+00
 1.80761211e+00 1.14615882e+00 1.12204078e+00 3.26689210e-01
 3.25661306e-01 1.71798623e+00 1.74495955e+00 1.03402283e+00
 8.04755831e-01 1.11094519e+00 1.28435232e+00 9.37095427e-02
 4.73477375e-06 6.74458715e-01 1.18569046e+00 8.30605015e-01
 1.70031662e-01]
stepsize_vec:,[3.e-01 3.e-01 3.e-01 3.e-01 3.e-01 3.e-01 3.e-01 3.e-01 3.e-01 3.e-01
 3.e-01 3.e-01 3.e-01 3.e-01 3.e-01 3.e-01 2.e-07 1.e-01 2.e-01 1.e-01
 1.e-01]
step_ratio_vec:,[0.1 0.1 0.1 0.1 0.1 0.1 0.1 0.1 0.1 0.1 0.1 0.1 0.1 0.1 0.1 0.1 0.1 0.1
 0.1 0.1 0.1]
swap interval:,20
sim interval:,[      0.  250000.  500000.  750000. 1000000.]
likelihood_sed (T/F):,True
erodep_coords:,[[42 10]
 [39  8]
 [75 51]
 [59 13]
 [40  5]
 [ 6 20]
 [14 66]
 [ 4 40]
 [72 73]
 [46 64]]
sed scaling factor:,50
samples_per_chain:,2000
burnin:,0.25
num params:,21
initial_proposed_vec:,[2.52128869e+00 6.49117269e-01 8.43750985e-01 1.86509623e+00
 1.80761211e+00 1.14615882e+00 1.12204078e+00 3.26689210e-01
 3.25661306e-01 1.71798623e+00 1.74495955e+00 1.03402283e+00
 8.04755831e-01 1.11094519e+00 1.28435232e+00 9.37095427e-02
 4.73477375e-06 6.74458715e-01 1.18569046e+00 8.30605015e-01
 1.70031662e-01]
stepsize_vec:,[3.e-01 3.e-01 3.e-01 3.e-01 3.e-01 3.e-01 3.e-01 3.e-01 3.e-01 3.e-01
 3.e-01 3.e-01 3.e-01 3.e-01 3.e-01 3.e-01 2.e-07 1.e-01 2.e-01 1.e-01
 1.e-01]
step_ratio_vec:,[0.1 0.1 0.1 0.1 0.1 0.1 0.1 0.1 0.1 0.1 0.1 0.1 0.1 0.1 0.1 0.1 0.1 0.1
 0.1 0.1 0.1]
swap interval:,20
sim interval:,[      0.  250000.  500000.  750000. 1000000.]
likelihood_sed (T/F):,True
erodep_coords:,[[42 10]
 [39  8]
 [75 51]
 [59 13]
 [40  5]
 [ 6 20]
 [14 66]
 [ 4 40]
 [72 73]
 [46 64]]
sed scaling factor:,50
samples_per_chain:,2000
burnin:,0.25
num params:,21
initial_proposed_vec:,[2.52128869e+00 6.49117269e-01 8.43750985e-01 1.86509623e+00
 1.80761211e+00 1.14615882e+00 1.12204078e+00 3.26689210e-01
 3.25661306e-01 1.71798623e+00 1.74495955e+00 1.03402283e+00
 8.04755831e-01 1.11094519e+00 1.28435232e+00 9.37095427e-02
 4.73477375e-06 6.74458715e-01 1.18569046e+00 8.30605015e-01
 1.70031662e-01]
stepsize_vec:,[3.e-01 3.e-01 3.e-01 3.e-01 3.e-01 3.e-01 3.e-01 3.e-01 3.e-01 3.e-01
 3.e-01 3.e-01 3.e-01 3.e-01 3.e-01 3.e-01 2.e-07 1.e-01 2.e-01 1.e-01
 1.e-01]
step_ratio_vec:,[0.1 0.1 0.1 0.1 0.1 0.1 0.1 0.1 0.1 0.1 0.1 0.1 0.1 0.1 0.1 0.1 0.1 0.1
 0.1 0.1 0.1]
swap interval:,20
sim interval:,[      0.  250000.  500000.  750000. 1000000.]
likelihood_sed (T/F):,True
erodep_coords:,[[42 10]
 [39  8]
 [75 51]
 [59 13]
 [40  5]
 [ 6 20]
 [14 66]
 [ 4 40]
 [72 73]
 [46 64]]
sed scaling factor:,50
samples_per_chain:,2000
burnin:,0.25
num params:,21
initial_proposed_vec:,[2.52128869e+00 6.49117269e-01 8.43750985e-01 1.86509623e+00
 1.80761211e+00 1.14615882e+00 1.12204078e+00 3.26689210e-01
 3.25661306e-01 1.71798623e+00 1.74495955e+00 1.03402283e+00
 8.04755831e-01 1.11094519e+00 1.28435232e+00 9.37095427e-02
 4.73477375e-06 6.74458715e-01 1.18569046e+00 8.30605015e-01
 1.70031662e-01]
stepsize_vec:,[3.e-01 3.e-01 3.e-01 3.e-01 3.e-01 3.e-01 3.e-01 3.e-01 3.e-01 3.e-01
 3.e-01 3.e-01 3.e-01 3.e-01 3.e-01 3.e-01 2.e-07 1.e-01 2.e-01 1.e-01
 1.e-01]
step_ratio_vec:,[0.1 0.1 0.1 0.1 0.1 0.1 0.1 0.1 0.1 0.1 0.1 0.1 0.1 0.1 0.1 0.1 0.1 0.1
 0.1 0.1 0.1]
swap interval:,20
sim interval:,[      0.  250000.  500000.  750000. 1000000.]
likelihood_sed (T/F):,True
erodep_coords:,[[42 10]
 [39  8]
 [75 51]
 [59 13]
 [40  5]
 [ 6 20]
 [14 66]
 [ 4 40]
 [72 73]
 [46 64]]
sed scaling factor:,50
samples_per_chain:,2000
burnin:,0.25
num params:,21
initial_proposed_vec:,[2.52128869e+00 6.49117269e-01 8.43750985e-01 1.86509623e+00
 1.80761211e+00 1.14615882e+00 1.12204078e+00 3.26689210e-01
 3.25661306e-01 1.71798623e+00 1.74495955e+00 1.03402283e+00
 8.04755831e-01 1.11094519e+00 1.28435232e+00 9.37095427e-02
 4.73477375e-06 6.74458715e-01 1.18569046e+00 8.30605015e-01
 1.70031662e-01]
stepsize_vec:,[3.e-01 3.e-01 3.e-01 3.e-01 3.e-01 3.e-01 3.e-01 3.e-01 3.e-01 3.e-01
 3.e-01 3.e-01 3.e-01 3.e-01 3.e-01 3.e-01 2.e-07 1.e-01 2.e-01 1.e-01
 1.e-01]
step_ratio_vec:,[0.1 0.1 0.1 0.1 0.1 0.1 0.1 0.1 0.1 0.1 0.1 0.1 0.1 0.1 0.1 0.1 0.1 0.1
 0.1 0.1 0.1]
swap interval:,20
sim interval:,[      0.  250000.  500000.  750000. 1000000.]
likelihood_sed (T/F):,True
erodep_coords:,[[42 10]
 [39  8]
 [75 51]
 [59 13]
 [40  5]
 [ 6 20]
 [14 66]
 [ 4 40]
 [72 73]
 [46 64]]
sed scaling factor:,50
samples_per_chain:,2000
burnin:,0.25
num params:,21
initial_proposed_vec:,[2.52128869e+00 6.49117269e-01 8.43750985e-01 1.86509623e+00
 1.80761211e+00 1.14615882e+00 1.12204078e+00 3.26689210e-01
 3.25661306e-01 1.71798623e+00 1.74495955e+00 1.03402283e+00
 8.04755831e-01 1.11094519e+00 1.28435232e+00 9.37095427e-02
 4.73477375e-06 6.74458715e-01 1.18569046e+00 8.30605015e-01
 1.70031662e-01]
stepsize_vec:,[3.e-01 3.e-01 3.e-01 3.e-01 3.e-01 3.e-01 3.e-01 3.e-01 3.e-01 3.e-01
 3.e-01 3.e-01 3.e-01 3.e-01 3.e-01 3.e-01 2.e-07 1.e-01 2.e-01 1.e-01
 1.e-01]
step_ratio_vec:,[0.1 0.1 0.1 0.1 0.1 0.1 0.1 0.1 0.1 0.1 0.1 0.1 0.1 0.1 0.1 0.1 0.1 0.1
 0.1 0.1 0.1]
swap interval:,20
sim interval:,[      0.  250000.  500000.  750000. 1000000.]
likelihood_sed (T/F):,True
erodep_coords:,[[42 10]
 [39  8]
 [75 51]
 [59 13]
 [40  5]
 [ 6 20]
 [14 66]
 [ 4 40]
 [72 73]
 [46 64]]
sed scaling factor:,50
samples_per_chain:,2000
burnin:,0.25
num params:,21
initial_proposed_vec:,[2.52128869e+00 6.49117269e-01 8.43750985e-01 1.86509623e+00
 1.80761211e+00 1.14615882e+00 1.12204078e+00 3.26689210e-01
 3.25661306e-01 1.71798623e+00 1.74495955e+00 1.03402283e+00
 8.04755831e-01 1.11094519e+00 1.28435232e+00 9.37095427e-02
 4.73477375e-06 6.74458715e-01 1.18569046e+00 8.30605015e-01
 1.70031662e-01]
stepsize_vec:,[3.e-01 3.e-01 3.e-01 3.e-01 3.e-01 3.e-01 3.e-01 3.e-01 3.e-01 3.e-01
 3.e-01 3.e-01 3.e-01 3.e-01 3.e-01 3.e-01 2.e-07 1.e-01 2.e-01 1.e-01
 1.e-01]
step_ratio_vec:,[0.1 0.1 0.1 0.1 0.1 0.1 0.1 0.1 0.1 0.1 0.1 0.1 0.1 0.1 0.1 0.1 0.1 0.1
 0.1 0.1 0.1]
swap interval:,20
sim interval:,[      0.  250000.  500000.  750000. 1000000.]
likelihood_sed (T/F):,True
erodep_coords:,[[42 10]
 [39  8]
 [75 51]
 [59 13]
 [40  5]
 [ 6 20]
 [14 66]
 [ 4 40]
 [72 73]
 [46 64]]
sed scaling factor:,50
samples_per_chain:,2000
burnin:,0.25
num params:,21
initial_proposed_vec:,[2.52128869e+00 6.49117269e-01 8.43750985e-01 1.86509623e+00
 1.80761211e+00 1.14615882e+00 1.12204078e+00 3.26689210e-01
 3.25661306e-01 1.71798623e+00 1.74495955e+00 1.03402283e+00
 8.04755831e-01 1.11094519e+00 1.28435232e+00 9.37095427e-02
 4.73477375e-06 6.74458715e-01 1.18569046e+00 8.30605015e-01
 1.70031662e-01]
stepsize_vec:,[3.e-01 3.e-01 3.e-01 3.e-01 3.e-01 3.e-01 3.e-01 3.e-01 3.e-01 3.e-01
 3.e-01 3.e-01 3.e-01 3.e-01 3.e-01 3.e-01 2.e-07 1.e-01 2.e-01 1.e-01
 1.e-01]
step_ratio_vec:,[0.1 0.1 0.1 0.1 0.1 0.1 0.1 0.1 0.1 0.1 0.1 0.1 0.1 0.1 0.1 0.1 0.1 0.1
 0.1 0.1 0.1]
swap interval:,20
sim interval:,[      0.  250000.  500000.  750000. 1000000.]
likelihood_sed (T/F):,True
erodep_coords:,[[42 10]
 [39  8]
 [75 51]
 [59 13]
 [40  5]
 [ 6 20]
 [14 66]
 [ 4 40]
 [72 73]
 [46 64]]
sed scaling factor:,50
samples_per_chain:,2000
burnin:,0.25
num params:,21
initial_proposed_vec:,[2.52128869e+00 6.49117269e-01 8.43750985e-01 1.86509623e+00
 1.80761211e+00 1.14615882e+00 1.12204078e+00 3.26689210e-01
 3.25661306e-01 1.71798623e+00 1.74495955e+00 1.03402283e+00
 8.04755831e-01 1.11094519e+00 1.28435232e+00 9.37095427e-02
 4.73477375e-06 6.74458715e-01 1.18569046e+00 8.30605015e-01
 1.70031662e-01]
stepsize_vec:,[3.e-01 3.e-01 3.e-01 3.e-01 3.e-01 3.e-01 3.e-01 3.e-01 3.e-01 3.e-01
 3.e-01 3.e-01 3.e-01 3.e-01 3.e-01 3.e-01 2.e-07 1.e-01 2.e-01 1.e-01
 1.e-01]
step_ratio_vec:,[0.1 0.1 0.1 0.1 0.1 0.1 0.1 0.1 0.1 0.1 0.1 0.1 0.1 0.1 0.1 0.1 0.1 0.1
 0.1 0.1 0.1]
swap interval:,20
sim interval:,[      0.  250000.  500000.  750000. 1000000.]
likelihood_sed (T/F):,True
erodep_coords:,[[42 10]
 [39  8]
 [75 51]
 [59 13]
 [40  5]
 [ 6 20]
 [14 66]
 [ 4 40]
 [72 73]
 [46 64]]
sed scaling factor:,50
samples_per_chain:,2000
burnin:,0.25
num params:,21
initial_proposed_vec:,[2.52128869e+00 6.49117269e-01 8.43750985e-01 1.86509623e+00
 1.80761211e+00 1.14615882e+00 1.12204078e+00 3.26689210e-01
 3.25661306e-01 1.71798623e+00 1.74495955e+00 1.03402283e+00
 8.04755831e-01 1.11094519e+00 1.28435232e+00 9.37095427e-02
 4.73477375e-06 6.74458715e-01 1.18569046e+00 8.30605015e-01
 1.70031662e-01]
stepsize_vec:,[3.e-01 3.e-01 3.e-01 3.e-01 3.e-01 3.e-01 3.e-01 3.e-01 3.e-01 3.e-01
 3.e-01 3.e-01 3.e-01 3.e-01 3.e-01 3.e-01 2.e-07 1.e-01 2.e-01 1.e-01
 1.e-01]
step_ratio_vec:,[0.1 0.1 0.1 0.1 0.1 0.1 0.1 0.1 0.1 0.1 0.1 0.1 0.1 0.1 0.1 0.1 0.1 0.1
 0.1 0.1 0.1]
swap interval:,20
sim interval:,[      0.  250000.  500000.  750000. 1000000.]
likelihood_sed (T/F):,True
erodep_coords:,[[42 10]
 [39  8]
 [75 51]
 [59 13]
 [40  5]
 [ 6 20]
 [14 66]
 [ 4 40]
 [72 73]
 [46 64]]
sed scaling factor:,50