100  1200 2500 400 2500 400 1800 400 300 500
50  1200 2500 400 2500 400 1600 400 200 500
-20 -10 1200 800 700 600 800 800 600 600
-20 -10 700 600 500 400 600 500 600 500
-400 -300 -10 600 500 400 600 500 600 500
-1000 -500 -200 -50 200 200 200 200 200 200
-1300 -1000 -400 -90 70 50 50 50 50 -50
-1300 -1000 -400 -90 70 50 50 50 50 -50
-1800 -1000 -500 -500 -100 -100 -50 -50 -100 -100
-1800 -1000 -500 -500 -100 -100 -50 -50 -100 -100
-1800 -1000  -1000 -1000 -100 -100 -50 -50 -100 -100
-2100 -1800 -1700 -1700 -100 -500 -50 -50 -200 -300
-2500 -2000 -2000 -2000 -1500 -500 -50 -50 -200 -300
-2500 -2000 -2000 -2000 -1500 -500 -50 -50 -200 -300
