100 100  1000 1000 2000 400 2000 400 1200 400  
50 50 1000 1000 2000 400 2000 400 1200 400  
-20 -20  -10 -10 700 600 500 400 600 500  
-400 -400 -300 -300  -10 600 500 400 600 500  
-1000 -1000 -500 -500 -200 -50 200 200 200 200   
-1300 -1300 -1000 -1000 -400 -90 70 50 50 50  
-1800 -1800 -1000 -1000 -500 -500 -100 -100 -50 -50  
-1800 -1800 -1000 -1000 -1000 -1000 -100 -100 -50 -50  
-2100 -2100 -1800 -1800 -1700 -1700 -100 -500 -50 -50  
-2500 -2500 -2000 -2000 -2000 -2000 -1500 -500 -50 -50  
