
samples_per_chain:,1000
burnin:,0.25
num params:,21
initial_proposed_vec:,[1.25300442e+00 1.89998435e+00 1.17256328e+00 2.81680839e+00
 2.45619943e+00 2.03409647e+00 2.79437364e+00 5.26523584e-01
 1.27343159e-01 2.26329766e+00 5.03343029e-01 1.79230788e+00
 1.69598019e+00 1.66628612e+00 1.43522086e+00 1.54405438e-01
 4.36438009e-06 5.91978048e-01 1.64479472e-01 4.26883372e-01
 1.53608036e-01]
stepsize_vec:,[3.e-01 3.e-01 3.e-01 3.e-01 3.e-01 3.e-01 3.e-01 3.e-01 3.e-01 3.e-01
 3.e-01 3.e-01 3.e-01 3.e-01 3.e-01 3.e-01 2.e-07 1.e-01 2.e-01 1.e-01
 1.e-01]
step_ratio_vec:,[0.1 0.1 0.1 0.1 0.1 0.1 0.1 0.1 0.1 0.1 0.1 0.1 0.1 0.1 0.1 0.1 0.1 0.1
 0.1 0.1 0.1]
swap interval:,10
sim interval:,[      0.  250000.  500000.  750000. 1000000.]
likelihood_sed (T/F):,True
erodep_coords:,[[42 10]
 [39  8]
 [75 51]
 [59 13]
 [40  5]
 [ 6 20]
 [14 66]
 [ 4 40]
 [72 73]
 [46 64]]
sed scaling factor:,50
samples_per_chain:,1000
burnin:,0.25
num params:,21
initial_proposed_vec:,[1.25300442e+00 1.89998435e+00 1.17256328e+00 2.81680839e+00
 2.45619943e+00 2.03409647e+00 2.79437364e+00 5.26523584e-01
 1.27343159e-01 2.26329766e+00 5.03343029e-01 1.79230788e+00
 1.69598019e+00 1.66628612e+00 1.43522086e+00 1.54405438e-01
 4.36438009e-06 5.91978048e-01 1.64479472e-01 4.26883372e-01
 1.53608036e-01]
stepsize_vec:,[3.e-01 3.e-01 3.e-01 3.e-01 3.e-01 3.e-01 3.e-01 3.e-01 3.e-01 3.e-01
 3.e-01 3.e-01 3.e-01 3.e-01 3.e-01 3.e-01 2.e-07 1.e-01 2.e-01 1.e-01
 1.e-01]
step_ratio_vec:,[0.1 0.1 0.1 0.1 0.1 0.1 0.1 0.1 0.1 0.1 0.1 0.1 0.1 0.1 0.1 0.1 0.1 0.1
 0.1 0.1 0.1]
swap interval:,10
sim interval:,[      0.  250000.  500000.  750000. 1000000.]
likelihood_sed (T/F):,True
erodep_coords:,[[42 10]
 [39  8]
 [75 51]
 [59 13]
 [40  5]
 [ 6 20]
 [14 66]
 [ 4 40]
 [72 73]
 [46 64]]
sed scaling factor:,50
samples_per_chain:,1000
burnin:,0.25
num params:,21
initial_proposed_vec:,[1.25300442e+00 1.89998435e+00 1.17256328e+00 2.81680839e+00
 2.45619943e+00 2.03409647e+00 2.79437364e+00 5.26523584e-01
 1.27343159e-01 2.26329766e+00 5.03343029e-01 1.79230788e+00
 1.69598019e+00 1.66628612e+00 1.43522086e+00 1.54405438e-01
 4.36438009e-06 5.91978048e-01 1.64479472e-01 4.26883372e-01
 1.53608036e-01]
stepsize_vec:,[3.e-01 3.e-01 3.e-01 3.e-01 3.e-01 3.e-01 3.e-01 3.e-01 3.e-01 3.e-01
 3.e-01 3.e-01 3.e-01 3.e-01 3.e-01 3.e-01 2.e-07 1.e-01 2.e-01 1.e-01
 1.e-01]
step_ratio_vec:,[0.1 0.1 0.1 0.1 0.1 0.1 0.1 0.1 0.1 0.1 0.1 0.1 0.1 0.1 0.1 0.1 0.1 0.1
 0.1 0.1 0.1]
swap interval:,10
sim interval:,[      0.  250000.  500000.  750000. 1000000.]
likelihood_sed (T/F):,True
erodep_coords:,[[42 10]
 [39  8]
 [75 51]
 [59 13]
 [40  5]
 [ 6 20]
 [14 66]
 [ 4 40]
 [72 73]
 [46 64]]
sed scaling factor:,50
samples_per_chain:,1000
burnin:,0.25
num params:,21
initial_proposed_vec:,[1.25300442e+00 1.89998435e+00 1.17256328e+00 2.81680839e+00
 2.45619943e+00 2.03409647e+00 2.79437364e+00 5.26523584e-01
 1.27343159e-01 2.26329766e+00 5.03343029e-01 1.79230788e+00
 1.69598019e+00 1.66628612e+00 1.43522086e+00 1.54405438e-01
 4.36438009e-06 5.91978048e-01 1.64479472e-01 4.26883372e-01
 1.53608036e-01]
stepsize_vec:,[3.e-01 3.e-01 3.e-01 3.e-01 3.e-01 3.e-01 3.e-01 3.e-01 3.e-01 3.e-01
 3.e-01 3.e-01 3.e-01 3.e-01 3.e-01 3.e-01 2.e-07 1.e-01 2.e-01 1.e-01
 1.e-01]
step_ratio_vec:,[0.1 0.1 0.1 0.1 0.1 0.1 0.1 0.1 0.1 0.1 0.1 0.1 0.1 0.1 0.1 0.1 0.1 0.1
 0.1 0.1 0.1]
swap interval:,10
sim interval:,[      0.  250000.  500000.  750000. 1000000.]
likelihood_sed (T/F):,True
erodep_coords:,[[42 10]
 [39  8]
 [75 51]
 [59 13]
 [40  5]
 [ 6 20]
 [14 66]
 [ 4 40]
 [72 73]
 [46 64]]
sed scaling factor:,50
samples_per_chain:,1000
burnin:,0.25
num params:,21
initial_proposed_vec:,[1.25300442e+00 1.89998435e+00 1.17256328e+00 2.81680839e+00
 2.45619943e+00 2.03409647e+00 2.79437364e+00 5.26523584e-01
 1.27343159e-01 2.26329766e+00 5.03343029e-01 1.79230788e+00
 1.69598019e+00 1.66628612e+00 1.43522086e+00 1.54405438e-01
 4.36438009e-06 5.91978048e-01 1.64479472e-01 4.26883372e-01
 1.53608036e-01]
stepsize_vec:,[3.e-01 3.e-01 3.e-01 3.e-01 3.e-01 3.e-01 3.e-01 3.e-01 3.e-01 3.e-01
 3.e-01 3.e-01 3.e-01 3.e-01 3.e-01 3.e-01 2.e-07 1.e-01 2.e-01 1.e-01
 1.e-01]
step_ratio_vec:,[0.1 0.1 0.1 0.1 0.1 0.1 0.1 0.1 0.1 0.1 0.1 0.1 0.1 0.1 0.1 0.1 0.1 0.1
 0.1 0.1 0.1]
swap interval:,10
sim interval:,[      0.  250000.  500000.  750000. 1000000.]
likelihood_sed (T/F):,True
erodep_coords:,[[42 10]
 [39  8]
 [75 51]
 [59 13]
 [40  5]
 [ 6 20]
 [14 66]
 [ 4 40]
 [72 73]
 [46 64]]
sed scaling factor:,50
samples_per_chain:,1000
burnin:,0.25
num params:,21
initial_proposed_vec:,[1.25300442e+00 1.89998435e+00 1.17256328e+00 2.81680839e+00
 2.45619943e+00 2.03409647e+00 2.79437364e+00 5.26523584e-01
 1.27343159e-01 2.26329766e+00 5.03343029e-01 1.79230788e+00
 1.69598019e+00 1.66628612e+00 1.43522086e+00 1.54405438e-01
 4.36438009e-06 5.91978048e-01 1.64479472e-01 4.26883372e-01
 1.53608036e-01]
stepsize_vec:,[3.e-01 3.e-01 3.e-01 3.e-01 3.e-01 3.e-01 3.e-01 3.e-01 3.e-01 3.e-01
 3.e-01 3.e-01 3.e-01 3.e-01 3.e-01 3.e-01 2.e-07 1.e-01 2.e-01 1.e-01
 1.e-01]
step_ratio_vec:,[0.1 0.1 0.1 0.1 0.1 0.1 0.1 0.1 0.1 0.1 0.1 0.1 0.1 0.1 0.1 0.1 0.1 0.1
 0.1 0.1 0.1]
swap interval:,10
sim interval:,[      0.  250000.  500000.  750000. 1000000.]
likelihood_sed (T/F):,True
erodep_coords:,[[42 10]
 [39  8]
 [75 51]
 [59 13]
 [40  5]
 [ 6 20]
 [14 66]
 [ 4 40]
 [72 73]
 [46 64]]
sed scaling factor:,50
samples_per_chain:,1000
burnin:,0.25
num params:,21
initial_proposed_vec:,[1.25300442e+00 1.89998435e+00 1.17256328e+00 2.81680839e+00
 2.45619943e+00 2.03409647e+00 2.79437364e+00 5.26523584e-01
 1.27343159e-01 2.26329766e+00 5.03343029e-01 1.79230788e+00
 1.69598019e+00 1.66628612e+00 1.43522086e+00 1.54405438e-01
 4.36438009e-06 5.91978048e-01 1.64479472e-01 4.26883372e-01
 1.53608036e-01]
stepsize_vec:,[3.e-01 3.e-01 3.e-01 3.e-01 3.e-01 3.e-01 3.e-01 3.e-01 3.e-01 3.e-01
 3.e-01 3.e-01 3.e-01 3.e-01 3.e-01 3.e-01 2.e-07 1.e-01 2.e-01 1.e-01
 1.e-01]
step_ratio_vec:,[0.1 0.1 0.1 0.1 0.1 0.1 0.1 0.1 0.1 0.1 0.1 0.1 0.1 0.1 0.1 0.1 0.1 0.1
 0.1 0.1 0.1]
swap interval:,10
sim interval:,[      0.  250000.  500000.  750000. 1000000.]
likelihood_sed (T/F):,True
erodep_coords:,[[42 10]
 [39  8]
 [75 51]
 [59 13]
 [40  5]
 [ 6 20]
 [14 66]
 [ 4 40]
 [72 73]
 [46 64]]
sed scaling factor:,50
samples_per_chain:,1000
burnin:,0.25
num params:,21
initial_proposed_vec:,[1.25300442e+00 1.89998435e+00 1.17256328e+00 2.81680839e+00
 2.45619943e+00 2.03409647e+00 2.79437364e+00 5.26523584e-01
 1.27343159e-01 2.26329766e+00 5.03343029e-01 1.79230788e+00
 1.69598019e+00 1.66628612e+00 1.43522086e+00 1.54405438e-01
 4.36438009e-06 5.91978048e-01 1.64479472e-01 4.26883372e-01
 1.53608036e-01]
stepsize_vec:,[3.e-01 3.e-01 3.e-01 3.e-01 3.e-01 3.e-01 3.e-01 3.e-01 3.e-01 3.e-01
 3.e-01 3.e-01 3.e-01 3.e-01 3.e-01 3.e-01 2.e-07 1.e-01 2.e-01 1.e-01
 1.e-01]
step_ratio_vec:,[0.1 0.1 0.1 0.1 0.1 0.1 0.1 0.1 0.1 0.1 0.1 0.1 0.1 0.1 0.1 0.1 0.1 0.1
 0.1 0.1 0.1]
swap interval:,10
sim interval:,[      0.  250000.  500000.  750000. 1000000.]
likelihood_sed (T/F):,True
erodep_coords:,[[42 10]
 [39  8]
 [75 51]
 [59 13]
 [40  5]
 [ 6 20]
 [14 66]
 [ 4 40]
 [72 73]
 [46 64]]
sed scaling factor:,50
samples_per_chain:,1000
burnin:,0.25
num params:,21
initial_proposed_vec:,[1.25300442e+00 1.89998435e+00 1.17256328e+00 2.81680839e+00
 2.45619943e+00 2.03409647e+00 2.79437364e+00 5.26523584e-01
 1.27343159e-01 2.26329766e+00 5.03343029e-01 1.79230788e+00
 1.69598019e+00 1.66628612e+00 1.43522086e+00 1.54405438e-01
 4.36438009e-06 5.91978048e-01 1.64479472e-01 4.26883372e-01
 1.53608036e-01]
stepsize_vec:,[3.e-01 3.e-01 3.e-01 3.e-01 3.e-01 3.e-01 3.e-01 3.e-01 3.e-01 3.e-01
 3.e-01 3.e-01 3.e-01 3.e-01 3.e-01 3.e-01 2.e-07 1.e-01 2.e-01 1.e-01
 1.e-01]
step_ratio_vec:,[0.1 0.1 0.1 0.1 0.1 0.1 0.1 0.1 0.1 0.1 0.1 0.1 0.1 0.1 0.1 0.1 0.1 0.1
 0.1 0.1 0.1]
swap interval:,10
sim interval:,[      0.  250000.  500000.  750000. 1000000.]
likelihood_sed (T/F):,True
erodep_coords:,[[42 10]
 [39  8]
 [75 51]
 [59 13]
 [40  5]
 [ 6 20]
 [14 66]
 [ 4 40]
 [72 73]
 [46 64]]
sed scaling factor:,50
samples_per_chain:,1000
burnin:,0.25
num params:,21
initial_proposed_vec:,[1.25300442e+00 1.89998435e+00 1.17256328e+00 2.81680839e+00
 2.45619943e+00 2.03409647e+00 2.79437364e+00 5.26523584e-01
 1.27343159e-01 2.26329766e+00 5.03343029e-01 1.79230788e+00
 1.69598019e+00 1.66628612e+00 1.43522086e+00 1.54405438e-01
 4.36438009e-06 5.91978048e-01 1.64479472e-01 4.26883372e-01
 1.53608036e-01]
stepsize_vec:,[3.e-01 3.e-01 3.e-01 3.e-01 3.e-01 3.e-01 3.e-01 3.e-01 3.e-01 3.e-01
 3.e-01 3.e-01 3.e-01 3.e-01 3.e-01 3.e-01 2.e-07 1.e-01 2.e-01 1.e-01
 1.e-01]
step_ratio_vec:,[0.1 0.1 0.1 0.1 0.1 0.1 0.1 0.1 0.1 0.1 0.1 0.1 0.1 0.1 0.1 0.1 0.1 0.1
 0.1 0.1 0.1]
swap interval:,10
sim interval:,[      0.  250000.  500000.  750000. 1000000.]
likelihood_sed (T/F):,True
erodep_coords:,[[42 10]
 [39  8]
 [75 51]
 [59 13]
 [40  5]
 [ 6 20]
 [14 66]
 [ 4 40]
 [72 73]
 [46 64]]
sed scaling factor:,50