
samples_per_chain:,1000
burnin:,0.25
num params:,114
initial_proposed_vec:,[1.50000000e+00 1.50000000e+00 1.50000000e+00 1.50000000e+00
 5.00000000e-06 5.00000000e-01 1.00000000e+00 5.00000000e-01
 8.00000000e-01 8.59481529e-01 3.99566457e-01 2.60613757e-01
 9.47477048e-01 6.51342435e-02 2.32150988e-02 1.35917889e-01
 1.18587874e-01 2.35992940e-02 1.25238682e-01 1.42714473e-01
 3.68188288e-02 1.60076032e-01 4.04530245e-02 1.09438494e-01
 5.18765398e-02 1.96139591e-01 1.24202211e-01 7.54799647e-02
 1.26431830e-01 1.60745768e-02 1.96431599e-01 1.11225514e-01
 1.86021180e-01 1.04099437e-01 5.75014398e-02 1.62564038e-01
 1.13515979e-01 2.92797422e-02 1.91603606e-01 8.47786775e-02
 1.04872688e-01 1.67629453e-01 9.86403583e-03 6.65562336e-02
 1.99698947e-01 1.37256317e-01 1.60771423e-01 4.86575750e-02
 6.86573389e-02 1.52323088e-01 1.40255304e-01 5.93422841e-02
 1.62797206e-01 8.96175569e-02 1.55244808e-01 4.86073168e-02
 1.21615910e-01 1.42344852e-01 8.28464305e-02 1.52859885e-01
 1.89856798e-01 7.28733436e-02 1.04039651e-01 1.64354954e-01
 1.04683410e-01 8.58665532e-02 1.04168444e-01 3.21553954e-02
 5.61372872e-02 3.93262784e-02 2.60452706e-02 5.13139025e-02
 5.85402614e-02 2.90696349e-02 2.22698996e-03 4.60682717e-02
 6.02190686e-02 1.49958136e-01 5.77689063e-02 1.07836597e-02
 2.89815728e-02 1.85725976e-01 1.81939378e-01 7.27330717e-02
 7.88083146e-02 2.14647898e-02 1.54541720e-01 1.45960874e-01
 1.94760943e-01 1.12362355e-01 1.64873596e-03 1.58373611e-01
 1.90869833e-01 9.11421511e-02 5.61813597e-05 1.95370246e-01
 1.88626921e-01 1.45986285e-01 7.90326219e-02 1.35776020e-01
 4.30429297e-02 1.42108369e-02 1.83871449e-01 1.63453004e-02
 1.69565620e-01 1.23559613e-01 1.57349320e-01 1.83617441e-01
 1.73362985e-01 1.33910313e-01 1.46876128e-01 1.78605264e-01
 4.05938943e-02 1.25419283e-01]
stepsize_vec:,[0.   0.   0.   0.   0.   0.   0.   0.   0.   0.1  0.1  0.1  0.1  0.1
 0.02 0.02 0.02 0.02 0.02 0.02 0.02 0.02 0.02 0.02 0.02 0.02 0.02 0.02
 0.02 0.02 0.02 0.02 0.02 0.02 0.02 0.02 0.02 0.02 0.02 0.02 0.02 0.02
 0.02 0.02 0.02 0.02 0.02 0.02 0.02 0.02 0.02 0.02 0.02 0.02 0.02 0.02
 0.02 0.02 0.02 0.02 0.02 0.02 0.02 0.02 0.02 0.02 0.02 0.02 0.02 0.02
 0.02 0.02 0.02 0.02 0.02 0.02 0.02 0.02 0.02 0.02 0.02 0.02 0.02 0.02
 0.02 0.02 0.02 0.02 0.02 0.02 0.02 0.02 0.02 0.02 0.02 0.02 0.02 0.02
 0.02 0.02 0.02 0.02 0.02 0.02 0.02 0.02 0.02 0.02 0.02 0.02 0.02 0.02
 0.02 0.02]
step_ratio_vec:,[0.1 0.1 0.1 0.1 0.1 0.1 0.1 0.1 0.1 0.1 0.1 0.1 0.1 0.1 0.1 0.1 0.1 0.1
 0.1 0.1 0.1 0.1 0.1 0.1 0.1 0.1 0.1 0.1 0.1 0.1 0.1 0.1 0.1 0.1 0.1 0.1
 0.1 0.1 0.1 0.1 0.1 0.1 0.1 0.1 0.1 0.1 0.1 0.1 0.1 0.1 0.1 0.1 0.1 0.1
 0.1 0.1 0.1 0.1 0.1 0.1 0.1 0.1 0.1 0.1 0.1 0.1 0.1 0.1 0.1 0.1 0.1 0.1
 0.1 0.1 0.1 0.1 0.1 0.1 0.1 0.1 0.1 0.1 0.1 0.1 0.1 0.1 0.1 0.1 0.1 0.1
 0.1 0.1 0.1 0.1 0.1 0.1 0.1 0.1 0.1 0.1 0.1 0.1 0.1 0.1 0.1 0.1 0.1 0.1
 0.1 0.1 0.1 0.1 0.1 0.1]
swap interval:,10
sim interval:,[      0.  250000.  500000.  750000. 1000000.]
likelihood_sed (T/F):,True
erodep_coords:,[[42 10]
 [39  8]
 [75 51]
 [59 13]
 [40  5]
 [ 6 20]
 [14 66]
 [ 4 40]
 [72 73]
 [46 64]]
sed scaling factor:,50
samples_per_chain:,1000
burnin:,0.25
num params:,114
initial_proposed_vec:,[1.50000000e+00 1.50000000e+00 1.50000000e+00 1.50000000e+00
 5.00000000e-06 5.00000000e-01 1.00000000e+00 5.00000000e-01
 8.00000000e-01 8.59481529e-01 3.99566457e-01 2.60613757e-01
 9.47477048e-01 6.51342435e-02 2.32150988e-02 1.35917889e-01
 1.18587874e-01 2.35992940e-02 1.25238682e-01 1.42714473e-01
 3.68188288e-02 1.60076032e-01 4.04530245e-02 1.09438494e-01
 5.18765398e-02 1.96139591e-01 1.24202211e-01 7.54799647e-02
 1.26431830e-01 1.60745768e-02 1.96431599e-01 1.11225514e-01
 1.86021180e-01 1.04099437e-01 5.75014398e-02 1.62564038e-01
 1.13515979e-01 2.92797422e-02 1.91603606e-01 8.47786775e-02
 1.04872688e-01 1.67629453e-01 9.86403583e-03 6.65562336e-02
 1.99698947e-01 1.37256317e-01 1.60771423e-01 4.86575750e-02
 6.86573389e-02 1.52323088e-01 1.40255304e-01 5.93422841e-02
 1.62797206e-01 8.96175569e-02 1.55244808e-01 4.86073168e-02
 1.21615910e-01 1.42344852e-01 8.28464305e-02 1.52859885e-01
 1.89856798e-01 7.28733436e-02 1.04039651e-01 1.64354954e-01
 1.04683410e-01 8.58665532e-02 1.04168444e-01 3.21553954e-02
 5.61372872e-02 3.93262784e-02 2.60452706e-02 5.13139025e-02
 5.85402614e-02 2.90696349e-02 2.22698996e-03 4.60682717e-02
 6.02190686e-02 1.49958136e-01 5.77689063e-02 1.07836597e-02
 2.89815728e-02 1.85725976e-01 1.81939378e-01 7.27330717e-02
 7.88083146e-02 2.14647898e-02 1.54541720e-01 1.45960874e-01
 1.94760943e-01 1.12362355e-01 1.64873596e-03 1.58373611e-01
 1.90869833e-01 9.11421511e-02 5.61813597e-05 1.95370246e-01
 1.88626921e-01 1.45986285e-01 7.90326219e-02 1.35776020e-01
 4.30429297e-02 1.42108369e-02 1.83871449e-01 1.63453004e-02
 1.69565620e-01 1.23559613e-01 1.57349320e-01 1.83617441e-01
 1.73362985e-01 1.33910313e-01 1.46876128e-01 1.78605264e-01
 4.05938943e-02 1.25419283e-01]
stepsize_vec:,[0.   0.   0.   0.   0.   0.   0.   0.   0.   0.1  0.1  0.1  0.1  0.1
 0.02 0.02 0.02 0.02 0.02 0.02 0.02 0.02 0.02 0.02 0.02 0.02 0.02 0.02
 0.02 0.02 0.02 0.02 0.02 0.02 0.02 0.02 0.02 0.02 0.02 0.02 0.02 0.02
 0.02 0.02 0.02 0.02 0.02 0.02 0.02 0.02 0.02 0.02 0.02 0.02 0.02 0.02
 0.02 0.02 0.02 0.02 0.02 0.02 0.02 0.02 0.02 0.02 0.02 0.02 0.02 0.02
 0.02 0.02 0.02 0.02 0.02 0.02 0.02 0.02 0.02 0.02 0.02 0.02 0.02 0.02
 0.02 0.02 0.02 0.02 0.02 0.02 0.02 0.02 0.02 0.02 0.02 0.02 0.02 0.02
 0.02 0.02 0.02 0.02 0.02 0.02 0.02 0.02 0.02 0.02 0.02 0.02 0.02 0.02
 0.02 0.02]
step_ratio_vec:,[0.1 0.1 0.1 0.1 0.1 0.1 0.1 0.1 0.1 0.1 0.1 0.1 0.1 0.1 0.1 0.1 0.1 0.1
 0.1 0.1 0.1 0.1 0.1 0.1 0.1 0.1 0.1 0.1 0.1 0.1 0.1 0.1 0.1 0.1 0.1 0.1
 0.1 0.1 0.1 0.1 0.1 0.1 0.1 0.1 0.1 0.1 0.1 0.1 0.1 0.1 0.1 0.1 0.1 0.1
 0.1 0.1 0.1 0.1 0.1 0.1 0.1 0.1 0.1 0.1 0.1 0.1 0.1 0.1 0.1 0.1 0.1 0.1
 0.1 0.1 0.1 0.1 0.1 0.1 0.1 0.1 0.1 0.1 0.1 0.1 0.1 0.1 0.1 0.1 0.1 0.1
 0.1 0.1 0.1 0.1 0.1 0.1 0.1 0.1 0.1 0.1 0.1 0.1 0.1 0.1 0.1 0.1 0.1 0.1
 0.1 0.1 0.1 0.1 0.1 0.1]
swap interval:,10
sim interval:,[      0.  250000.  500000.  750000. 1000000.]
likelihood_sed (T/F):,True
erodep_coords:,[[42 10]
 [39  8]
 [75 51]
 [59 13]
 [40  5]
 [ 6 20]
 [14 66]
 [ 4 40]
 [72 73]
 [46 64]]
sed scaling factor:,50
samples_per_chain:,1000
burnin:,0.25
num params:,114
initial_proposed_vec:,[1.50000000e+00 1.50000000e+00 1.50000000e+00 1.50000000e+00
 5.00000000e-06 5.00000000e-01 1.00000000e+00 5.00000000e-01
 8.00000000e-01 8.59481529e-01 3.99566457e-01 2.60613757e-01
 9.47477048e-01 6.51342435e-02 2.32150988e-02 1.35917889e-01
 1.18587874e-01 2.35992940e-02 1.25238682e-01 1.42714473e-01
 3.68188288e-02 1.60076032e-01 4.04530245e-02 1.09438494e-01
 5.18765398e-02 1.96139591e-01 1.24202211e-01 7.54799647e-02
 1.26431830e-01 1.60745768e-02 1.96431599e-01 1.11225514e-01
 1.86021180e-01 1.04099437e-01 5.75014398e-02 1.62564038e-01
 1.13515979e-01 2.92797422e-02 1.91603606e-01 8.47786775e-02
 1.04872688e-01 1.67629453e-01 9.86403583e-03 6.65562336e-02
 1.99698947e-01 1.37256317e-01 1.60771423e-01 4.86575750e-02
 6.86573389e-02 1.52323088e-01 1.40255304e-01 5.93422841e-02
 1.62797206e-01 8.96175569e-02 1.55244808e-01 4.86073168e-02
 1.21615910e-01 1.42344852e-01 8.28464305e-02 1.52859885e-01
 1.89856798e-01 7.28733436e-02 1.04039651e-01 1.64354954e-01
 1.04683410e-01 8.58665532e-02 1.04168444e-01 3.21553954e-02
 5.61372872e-02 3.93262784e-02 2.60452706e-02 5.13139025e-02
 5.85402614e-02 2.90696349e-02 2.22698996e-03 4.60682717e-02
 6.02190686e-02 1.49958136e-01 5.77689063e-02 1.07836597e-02
 2.89815728e-02 1.85725976e-01 1.81939378e-01 7.27330717e-02
 7.88083146e-02 2.14647898e-02 1.54541720e-01 1.45960874e-01
 1.94760943e-01 1.12362355e-01 1.64873596e-03 1.58373611e-01
 1.90869833e-01 9.11421511e-02 5.61813597e-05 1.95370246e-01
 1.88626921e-01 1.45986285e-01 7.90326219e-02 1.35776020e-01
 4.30429297e-02 1.42108369e-02 1.83871449e-01 1.63453004e-02
 1.69565620e-01 1.23559613e-01 1.57349320e-01 1.83617441e-01
 1.73362985e-01 1.33910313e-01 1.46876128e-01 1.78605264e-01
 4.05938943e-02 1.25419283e-01]
stepsize_vec:,[0.   0.   0.   0.   0.   0.   0.   0.   0.   0.1  0.1  0.1  0.1  0.1
 0.02 0.02 0.02 0.02 0.02 0.02 0.02 0.02 0.02 0.02 0.02 0.02 0.02 0.02
 0.02 0.02 0.02 0.02 0.02 0.02 0.02 0.02 0.02 0.02 0.02 0.02 0.02 0.02
 0.02 0.02 0.02 0.02 0.02 0.02 0.02 0.02 0.02 0.02 0.02 0.02 0.02 0.02
 0.02 0.02 0.02 0.02 0.02 0.02 0.02 0.02 0.02 0.02 0.02 0.02 0.02 0.02
 0.02 0.02 0.02 0.02 0.02 0.02 0.02 0.02 0.02 0.02 0.02 0.02 0.02 0.02
 0.02 0.02 0.02 0.02 0.02 0.02 0.02 0.02 0.02 0.02 0.02 0.02 0.02 0.02
 0.02 0.02 0.02 0.02 0.02 0.02 0.02 0.02 0.02 0.02 0.02 0.02 0.02 0.02
 0.02 0.02]
step_ratio_vec:,[0.1 0.1 0.1 0.1 0.1 0.1 0.1 0.1 0.1 0.1 0.1 0.1 0.1 0.1 0.1 0.1 0.1 0.1
 0.1 0.1 0.1 0.1 0.1 0.1 0.1 0.1 0.1 0.1 0.1 0.1 0.1 0.1 0.1 0.1 0.1 0.1
 0.1 0.1 0.1 0.1 0.1 0.1 0.1 0.1 0.1 0.1 0.1 0.1 0.1 0.1 0.1 0.1 0.1 0.1
 0.1 0.1 0.1 0.1 0.1 0.1 0.1 0.1 0.1 0.1 0.1 0.1 0.1 0.1 0.1 0.1 0.1 0.1
 0.1 0.1 0.1 0.1 0.1 0.1 0.1 0.1 0.1 0.1 0.1 0.1 0.1 0.1 0.1 0.1 0.1 0.1
 0.1 0.1 0.1 0.1 0.1 0.1 0.1 0.1 0.1 0.1 0.1 0.1 0.1 0.1 0.1 0.1 0.1 0.1
 0.1 0.1 0.1 0.1 0.1 0.1]
swap interval:,10
sim interval:,[      0.  250000.  500000.  750000. 1000000.]
likelihood_sed (T/F):,True
erodep_coords:,[[42 10]
 [39  8]
 [75 51]
 [59 13]
 [40  5]
 [ 6 20]
 [14 66]
 [ 4 40]
 [72 73]
 [46 64]]
sed scaling factor:,50
samples_per_chain:,1000
burnin:,0.25
num params:,114
initial_proposed_vec:,[1.50000000e+00 1.50000000e+00 1.50000000e+00 1.50000000e+00
 5.00000000e-06 5.00000000e-01 1.00000000e+00 5.00000000e-01
 8.00000000e-01 8.59481529e-01 3.99566457e-01 2.60613757e-01
 9.47477048e-01 6.51342435e-02 2.32150988e-02 1.35917889e-01
 1.18587874e-01 2.35992940e-02 1.25238682e-01 1.42714473e-01
 3.68188288e-02 1.60076032e-01 4.04530245e-02 1.09438494e-01
 5.18765398e-02 1.96139591e-01 1.24202211e-01 7.54799647e-02
 1.26431830e-01 1.60745768e-02 1.96431599e-01 1.11225514e-01
 1.86021180e-01 1.04099437e-01 5.75014398e-02 1.62564038e-01
 1.13515979e-01 2.92797422e-02 1.91603606e-01 8.47786775e-02
 1.04872688e-01 1.67629453e-01 9.86403583e-03 6.65562336e-02
 1.99698947e-01 1.37256317e-01 1.60771423e-01 4.86575750e-02
 6.86573389e-02 1.52323088e-01 1.40255304e-01 5.93422841e-02
 1.62797206e-01 8.96175569e-02 1.55244808e-01 4.86073168e-02
 1.21615910e-01 1.42344852e-01 8.28464305e-02 1.52859885e-01
 1.89856798e-01 7.28733436e-02 1.04039651e-01 1.64354954e-01
 1.04683410e-01 8.58665532e-02 1.04168444e-01 3.21553954e-02
 5.61372872e-02 3.93262784e-02 2.60452706e-02 5.13139025e-02
 5.85402614e-02 2.90696349e-02 2.22698996e-03 4.60682717e-02
 6.02190686e-02 1.49958136e-01 5.77689063e-02 1.07836597e-02
 2.89815728e-02 1.85725976e-01 1.81939378e-01 7.27330717e-02
 7.88083146e-02 2.14647898e-02 1.54541720e-01 1.45960874e-01
 1.94760943e-01 1.12362355e-01 1.64873596e-03 1.58373611e-01
 1.90869833e-01 9.11421511e-02 5.61813597e-05 1.95370246e-01
 1.88626921e-01 1.45986285e-01 7.90326219e-02 1.35776020e-01
 4.30429297e-02 1.42108369e-02 1.83871449e-01 1.63453004e-02
 1.69565620e-01 1.23559613e-01 1.57349320e-01 1.83617441e-01
 1.73362985e-01 1.33910313e-01 1.46876128e-01 1.78605264e-01
 4.05938943e-02 1.25419283e-01]
stepsize_vec:,[0.   0.   0.   0.   0.   0.   0.   0.   0.   0.1  0.1  0.1  0.1  0.1
 0.02 0.02 0.02 0.02 0.02 0.02 0.02 0.02 0.02 0.02 0.02 0.02 0.02 0.02
 0.02 0.02 0.02 0.02 0.02 0.02 0.02 0.02 0.02 0.02 0.02 0.02 0.02 0.02
 0.02 0.02 0.02 0.02 0.02 0.02 0.02 0.02 0.02 0.02 0.02 0.02 0.02 0.02
 0.02 0.02 0.02 0.02 0.02 0.02 0.02 0.02 0.02 0.02 0.02 0.02 0.02 0.02
 0.02 0.02 0.02 0.02 0.02 0.02 0.02 0.02 0.02 0.02 0.02 0.02 0.02 0.02
 0.02 0.02 0.02 0.02 0.02 0.02 0.02 0.02 0.02 0.02 0.02 0.02 0.02 0.02
 0.02 0.02 0.02 0.02 0.02 0.02 0.02 0.02 0.02 0.02 0.02 0.02 0.02 0.02
 0.02 0.02]
step_ratio_vec:,[0.1 0.1 0.1 0.1 0.1 0.1 0.1 0.1 0.1 0.1 0.1 0.1 0.1 0.1 0.1 0.1 0.1 0.1
 0.1 0.1 0.1 0.1 0.1 0.1 0.1 0.1 0.1 0.1 0.1 0.1 0.1 0.1 0.1 0.1 0.1 0.1
 0.1 0.1 0.1 0.1 0.1 0.1 0.1 0.1 0.1 0.1 0.1 0.1 0.1 0.1 0.1 0.1 0.1 0.1
 0.1 0.1 0.1 0.1 0.1 0.1 0.1 0.1 0.1 0.1 0.1 0.1 0.1 0.1 0.1 0.1 0.1 0.1
 0.1 0.1 0.1 0.1 0.1 0.1 0.1 0.1 0.1 0.1 0.1 0.1 0.1 0.1 0.1 0.1 0.1 0.1
 0.1 0.1 0.1 0.1 0.1 0.1 0.1 0.1 0.1 0.1 0.1 0.1 0.1 0.1 0.1 0.1 0.1 0.1
 0.1 0.1 0.1 0.1 0.1 0.1]
swap interval:,10
sim interval:,[      0.  250000.  500000.  750000. 1000000.]
likelihood_sed (T/F):,True
erodep_coords:,[[42 10]
 [39  8]
 [75 51]
 [59 13]
 [40  5]
 [ 6 20]
 [14 66]
 [ 4 40]
 [72 73]
 [46 64]]
sed scaling factor:,50
samples_per_chain:,1000
burnin:,0.25
num params:,114
initial_proposed_vec:,[1.50000000e+00 1.50000000e+00 1.50000000e+00 1.50000000e+00
 5.00000000e-06 5.00000000e-01 1.00000000e+00 5.00000000e-01
 8.00000000e-01 8.59481529e-01 3.99566457e-01 2.60613757e-01
 9.47477048e-01 6.51342435e-02 2.32150988e-02 1.35917889e-01
 1.18587874e-01 2.35992940e-02 1.25238682e-01 1.42714473e-01
 3.68188288e-02 1.60076032e-01 4.04530245e-02 1.09438494e-01
 5.18765398e-02 1.96139591e-01 1.24202211e-01 7.54799647e-02
 1.26431830e-01 1.60745768e-02 1.96431599e-01 1.11225514e-01
 1.86021180e-01 1.04099437e-01 5.75014398e-02 1.62564038e-01
 1.13515979e-01 2.92797422e-02 1.91603606e-01 8.47786775e-02
 1.04872688e-01 1.67629453e-01 9.86403583e-03 6.65562336e-02
 1.99698947e-01 1.37256317e-01 1.60771423e-01 4.86575750e-02
 6.86573389e-02 1.52323088e-01 1.40255304e-01 5.93422841e-02
 1.62797206e-01 8.96175569e-02 1.55244808e-01 4.86073168e-02
 1.21615910e-01 1.42344852e-01 8.28464305e-02 1.52859885e-01
 1.89856798e-01 7.28733436e-02 1.04039651e-01 1.64354954e-01
 1.04683410e-01 8.58665532e-02 1.04168444e-01 3.21553954e-02
 5.61372872e-02 3.93262784e-02 2.60452706e-02 5.13139025e-02
 5.85402614e-02 2.90696349e-02 2.22698996e-03 4.60682717e-02
 6.02190686e-02 1.49958136e-01 5.77689063e-02 1.07836597e-02
 2.89815728e-02 1.85725976e-01 1.81939378e-01 7.27330717e-02
 7.88083146e-02 2.14647898e-02 1.54541720e-01 1.45960874e-01
 1.94760943e-01 1.12362355e-01 1.64873596e-03 1.58373611e-01
 1.90869833e-01 9.11421511e-02 5.61813597e-05 1.95370246e-01
 1.88626921e-01 1.45986285e-01 7.90326219e-02 1.35776020e-01
 4.30429297e-02 1.42108369e-02 1.83871449e-01 1.63453004e-02
 1.69565620e-01 1.23559613e-01 1.57349320e-01 1.83617441e-01
 1.73362985e-01 1.33910313e-01 1.46876128e-01 1.78605264e-01
 4.05938943e-02 1.25419283e-01]
stepsize_vec:,[0.   0.   0.   0.   0.   0.   0.   0.   0.   0.1  0.1  0.1  0.1  0.1
 0.02 0.02 0.02 0.02 0.02 0.02 0.02 0.02 0.02 0.02 0.02 0.02 0.02 0.02
 0.02 0.02 0.02 0.02 0.02 0.02 0.02 0.02 0.02 0.02 0.02 0.02 0.02 0.02
 0.02 0.02 0.02 0.02 0.02 0.02 0.02 0.02 0.02 0.02 0.02 0.02 0.02 0.02
 0.02 0.02 0.02 0.02 0.02 0.02 0.02 0.02 0.02 0.02 0.02 0.02 0.02 0.02
 0.02 0.02 0.02 0.02 0.02 0.02 0.02 0.02 0.02 0.02 0.02 0.02 0.02 0.02
 0.02 0.02 0.02 0.02 0.02 0.02 0.02 0.02 0.02 0.02 0.02 0.02 0.02 0.02
 0.02 0.02 0.02 0.02 0.02 0.02 0.02 0.02 0.02 0.02 0.02 0.02 0.02 0.02
 0.02 0.02]
step_ratio_vec:,[0.1 0.1 0.1 0.1 0.1 0.1 0.1 0.1 0.1 0.1 0.1 0.1 0.1 0.1 0.1 0.1 0.1 0.1
 0.1 0.1 0.1 0.1 0.1 0.1 0.1 0.1 0.1 0.1 0.1 0.1 0.1 0.1 0.1 0.1 0.1 0.1
 0.1 0.1 0.1 0.1 0.1 0.1 0.1 0.1 0.1 0.1 0.1 0.1 0.1 0.1 0.1 0.1 0.1 0.1
 0.1 0.1 0.1 0.1 0.1 0.1 0.1 0.1 0.1 0.1 0.1 0.1 0.1 0.1 0.1 0.1 0.1 0.1
 0.1 0.1 0.1 0.1 0.1 0.1 0.1 0.1 0.1 0.1 0.1 0.1 0.1 0.1 0.1 0.1 0.1 0.1
 0.1 0.1 0.1 0.1 0.1 0.1 0.1 0.1 0.1 0.1 0.1 0.1 0.1 0.1 0.1 0.1 0.1 0.1
 0.1 0.1 0.1 0.1 0.1 0.1]
swap interval:,10
sim interval:,[      0.  250000.  500000.  750000. 1000000.]
likelihood_sed (T/F):,True
erodep_coords:,[[42 10]
 [39  8]
 [75 51]
 [59 13]
 [40  5]
 [ 6 20]
 [14 66]
 [ 4 40]
 [72 73]
 [46 64]]
sed scaling factor:,50
samples_per_chain:,1000
burnin:,0.25
num params:,114
initial_proposed_vec:,[1.50000000e+00 1.50000000e+00 1.50000000e+00 1.50000000e+00
 5.00000000e-06 5.00000000e-01 1.00000000e+00 5.00000000e-01
 8.00000000e-01 8.59481529e-01 3.99566457e-01 2.60613757e-01
 9.47477048e-01 6.51342435e-02 2.32150988e-02 1.35917889e-01
 1.18587874e-01 2.35992940e-02 1.25238682e-01 1.42714473e-01
 3.68188288e-02 1.60076032e-01 4.04530245e-02 1.09438494e-01
 5.18765398e-02 1.96139591e-01 1.24202211e-01 7.54799647e-02
 1.26431830e-01 1.60745768e-02 1.96431599e-01 1.11225514e-01
 1.86021180e-01 1.04099437e-01 5.75014398e-02 1.62564038e-01
 1.13515979e-01 2.92797422e-02 1.91603606e-01 8.47786775e-02
 1.04872688e-01 1.67629453e-01 9.86403583e-03 6.65562336e-02
 1.99698947e-01 1.37256317e-01 1.60771423e-01 4.86575750e-02
 6.86573389e-02 1.52323088e-01 1.40255304e-01 5.93422841e-02
 1.62797206e-01 8.96175569e-02 1.55244808e-01 4.86073168e-02
 1.21615910e-01 1.42344852e-01 8.28464305e-02 1.52859885e-01
 1.89856798e-01 7.28733436e-02 1.04039651e-01 1.64354954e-01
 1.04683410e-01 8.58665532e-02 1.04168444e-01 3.21553954e-02
 5.61372872e-02 3.93262784e-02 2.60452706e-02 5.13139025e-02
 5.85402614e-02 2.90696349e-02 2.22698996e-03 4.60682717e-02
 6.02190686e-02 1.49958136e-01 5.77689063e-02 1.07836597e-02
 2.89815728e-02 1.85725976e-01 1.81939378e-01 7.27330717e-02
 7.88083146e-02 2.14647898e-02 1.54541720e-01 1.45960874e-01
 1.94760943e-01 1.12362355e-01 1.64873596e-03 1.58373611e-01
 1.90869833e-01 9.11421511e-02 5.61813597e-05 1.95370246e-01
 1.88626921e-01 1.45986285e-01 7.90326219e-02 1.35776020e-01
 4.30429297e-02 1.42108369e-02 1.83871449e-01 1.63453004e-02
 1.69565620e-01 1.23559613e-01 1.57349320e-01 1.83617441e-01
 1.73362985e-01 1.33910313e-01 1.46876128e-01 1.78605264e-01
 4.05938943e-02 1.25419283e-01]
stepsize_vec:,[0.   0.   0.   0.   0.   0.   0.   0.   0.   0.1  0.1  0.1  0.1  0.1
 0.02 0.02 0.02 0.02 0.02 0.02 0.02 0.02 0.02 0.02 0.02 0.02 0.02 0.02
 0.02 0.02 0.02 0.02 0.02 0.02 0.02 0.02 0.02 0.02 0.02 0.02 0.02 0.02
 0.02 0.02 0.02 0.02 0.02 0.02 0.02 0.02 0.02 0.02 0.02 0.02 0.02 0.02
 0.02 0.02 0.02 0.02 0.02 0.02 0.02 0.02 0.02 0.02 0.02 0.02 0.02 0.02
 0.02 0.02 0.02 0.02 0.02 0.02 0.02 0.02 0.02 0.02 0.02 0.02 0.02 0.02
 0.02 0.02 0.02 0.02 0.02 0.02 0.02 0.02 0.02 0.02 0.02 0.02 0.02 0.02
 0.02 0.02 0.02 0.02 0.02 0.02 0.02 0.02 0.02 0.02 0.02 0.02 0.02 0.02
 0.02 0.02]
step_ratio_vec:,[0.1 0.1 0.1 0.1 0.1 0.1 0.1 0.1 0.1 0.1 0.1 0.1 0.1 0.1 0.1 0.1 0.1 0.1
 0.1 0.1 0.1 0.1 0.1 0.1 0.1 0.1 0.1 0.1 0.1 0.1 0.1 0.1 0.1 0.1 0.1 0.1
 0.1 0.1 0.1 0.1 0.1 0.1 0.1 0.1 0.1 0.1 0.1 0.1 0.1 0.1 0.1 0.1 0.1 0.1
 0.1 0.1 0.1 0.1 0.1 0.1 0.1 0.1 0.1 0.1 0.1 0.1 0.1 0.1 0.1 0.1 0.1 0.1
 0.1 0.1 0.1 0.1 0.1 0.1 0.1 0.1 0.1 0.1 0.1 0.1 0.1 0.1 0.1 0.1 0.1 0.1
 0.1 0.1 0.1 0.1 0.1 0.1 0.1 0.1 0.1 0.1 0.1 0.1 0.1 0.1 0.1 0.1 0.1 0.1
 0.1 0.1 0.1 0.1 0.1 0.1]
swap interval:,10
sim interval:,[      0.  250000.  500000.  750000. 1000000.]
likelihood_sed (T/F):,True
erodep_coords:,[[42 10]
 [39  8]
 [75 51]
 [59 13]
 [40  5]
 [ 6 20]
 [14 66]
 [ 4 40]
 [72 73]
 [46 64]]
sed scaling factor:,50
samples_per_chain:,1000
burnin:,0.25
num params:,114
initial_proposed_vec:,[1.50000000e+00 1.50000000e+00 1.50000000e+00 1.50000000e+00
 5.00000000e-06 5.00000000e-01 1.00000000e+00 5.00000000e-01
 8.00000000e-01 8.59481529e-01 3.99566457e-01 2.60613757e-01
 9.47477048e-01 6.51342435e-02 2.32150988e-02 1.35917889e-01
 1.18587874e-01 2.35992940e-02 1.25238682e-01 1.42714473e-01
 3.68188288e-02 1.60076032e-01 4.04530245e-02 1.09438494e-01
 5.18765398e-02 1.96139591e-01 1.24202211e-01 7.54799647e-02
 1.26431830e-01 1.60745768e-02 1.96431599e-01 1.11225514e-01
 1.86021180e-01 1.04099437e-01 5.75014398e-02 1.62564038e-01
 1.13515979e-01 2.92797422e-02 1.91603606e-01 8.47786775e-02
 1.04872688e-01 1.67629453e-01 9.86403583e-03 6.65562336e-02
 1.99698947e-01 1.37256317e-01 1.60771423e-01 4.86575750e-02
 6.86573389e-02 1.52323088e-01 1.40255304e-01 5.93422841e-02
 1.62797206e-01 8.96175569e-02 1.55244808e-01 4.86073168e-02
 1.21615910e-01 1.42344852e-01 8.28464305e-02 1.52859885e-01
 1.89856798e-01 7.28733436e-02 1.04039651e-01 1.64354954e-01
 1.04683410e-01 8.58665532e-02 1.04168444e-01 3.21553954e-02
 5.61372872e-02 3.93262784e-02 2.60452706e-02 5.13139025e-02
 5.85402614e-02 2.90696349e-02 2.22698996e-03 4.60682717e-02
 6.02190686e-02 1.49958136e-01 5.77689063e-02 1.07836597e-02
 2.89815728e-02 1.85725976e-01 1.81939378e-01 7.27330717e-02
 7.88083146e-02 2.14647898e-02 1.54541720e-01 1.45960874e-01
 1.94760943e-01 1.12362355e-01 1.64873596e-03 1.58373611e-01
 1.90869833e-01 9.11421511e-02 5.61813597e-05 1.95370246e-01
 1.88626921e-01 1.45986285e-01 7.90326219e-02 1.35776020e-01
 4.30429297e-02 1.42108369e-02 1.83871449e-01 1.63453004e-02
 1.69565620e-01 1.23559613e-01 1.57349320e-01 1.83617441e-01
 1.73362985e-01 1.33910313e-01 1.46876128e-01 1.78605264e-01
 4.05938943e-02 1.25419283e-01]
stepsize_vec:,[0.   0.   0.   0.   0.   0.   0.   0.   0.   0.1  0.1  0.1  0.1  0.1
 0.02 0.02 0.02 0.02 0.02 0.02 0.02 0.02 0.02 0.02 0.02 0.02 0.02 0.02
 0.02 0.02 0.02 0.02 0.02 0.02 0.02 0.02 0.02 0.02 0.02 0.02 0.02 0.02
 0.02 0.02 0.02 0.02 0.02 0.02 0.02 0.02 0.02 0.02 0.02 0.02 0.02 0.02
 0.02 0.02 0.02 0.02 0.02 0.02 0.02 0.02 0.02 0.02 0.02 0.02 0.02 0.02
 0.02 0.02 0.02 0.02 0.02 0.02 0.02 0.02 0.02 0.02 0.02 0.02 0.02 0.02
 0.02 0.02 0.02 0.02 0.02 0.02 0.02 0.02 0.02 0.02 0.02 0.02 0.02 0.02
 0.02 0.02 0.02 0.02 0.02 0.02 0.02 0.02 0.02 0.02 0.02 0.02 0.02 0.02
 0.02 0.02]
step_ratio_vec:,[0.1 0.1 0.1 0.1 0.1 0.1 0.1 0.1 0.1 0.1 0.1 0.1 0.1 0.1 0.1 0.1 0.1 0.1
 0.1 0.1 0.1 0.1 0.1 0.1 0.1 0.1 0.1 0.1 0.1 0.1 0.1 0.1 0.1 0.1 0.1 0.1
 0.1 0.1 0.1 0.1 0.1 0.1 0.1 0.1 0.1 0.1 0.1 0.1 0.1 0.1 0.1 0.1 0.1 0.1
 0.1 0.1 0.1 0.1 0.1 0.1 0.1 0.1 0.1 0.1 0.1 0.1 0.1 0.1 0.1 0.1 0.1 0.1
 0.1 0.1 0.1 0.1 0.1 0.1 0.1 0.1 0.1 0.1 0.1 0.1 0.1 0.1 0.1 0.1 0.1 0.1
 0.1 0.1 0.1 0.1 0.1 0.1 0.1 0.1 0.1 0.1 0.1 0.1 0.1 0.1 0.1 0.1 0.1 0.1
 0.1 0.1 0.1 0.1 0.1 0.1]
swap interval:,10
sim interval:,[      0.  250000.  500000.  750000. 1000000.]
likelihood_sed (T/F):,True
erodep_coords:,[[42 10]
 [39  8]
 [75 51]
 [59 13]
 [40  5]
 [ 6 20]
 [14 66]
 [ 4 40]
 [72 73]
 [46 64]]
sed scaling factor:,50
samples_per_chain:,1000
burnin:,0.25
num params:,114
initial_proposed_vec:,[1.50000000e+00 1.50000000e+00 1.50000000e+00 1.50000000e+00
 5.00000000e-06 5.00000000e-01 1.00000000e+00 5.00000000e-01
 8.00000000e-01 8.59481529e-01 3.99566457e-01 2.60613757e-01
 9.47477048e-01 6.51342435e-02 2.32150988e-02 1.35917889e-01
 1.18587874e-01 2.35992940e-02 1.25238682e-01 1.42714473e-01
 3.68188288e-02 1.60076032e-01 4.04530245e-02 1.09438494e-01
 5.18765398e-02 1.96139591e-01 1.24202211e-01 7.54799647e-02
 1.26431830e-01 1.60745768e-02 1.96431599e-01 1.11225514e-01
 1.86021180e-01 1.04099437e-01 5.75014398e-02 1.62564038e-01
 1.13515979e-01 2.92797422e-02 1.91603606e-01 8.47786775e-02
 1.04872688e-01 1.67629453e-01 9.86403583e-03 6.65562336e-02
 1.99698947e-01 1.37256317e-01 1.60771423e-01 4.86575750e-02
 6.86573389e-02 1.52323088e-01 1.40255304e-01 5.93422841e-02
 1.62797206e-01 8.96175569e-02 1.55244808e-01 4.86073168e-02
 1.21615910e-01 1.42344852e-01 8.28464305e-02 1.52859885e-01
 1.89856798e-01 7.28733436e-02 1.04039651e-01 1.64354954e-01
 1.04683410e-01 8.58665532e-02 1.04168444e-01 3.21553954e-02
 5.61372872e-02 3.93262784e-02 2.60452706e-02 5.13139025e-02
 5.85402614e-02 2.90696349e-02 2.22698996e-03 4.60682717e-02
 6.02190686e-02 1.49958136e-01 5.77689063e-02 1.07836597e-02
 2.89815728e-02 1.85725976e-01 1.81939378e-01 7.27330717e-02
 7.88083146e-02 2.14647898e-02 1.54541720e-01 1.45960874e-01
 1.94760943e-01 1.12362355e-01 1.64873596e-03 1.58373611e-01
 1.90869833e-01 9.11421511e-02 5.61813597e-05 1.95370246e-01
 1.88626921e-01 1.45986285e-01 7.90326219e-02 1.35776020e-01
 4.30429297e-02 1.42108369e-02 1.83871449e-01 1.63453004e-02
 1.69565620e-01 1.23559613e-01 1.57349320e-01 1.83617441e-01
 1.73362985e-01 1.33910313e-01 1.46876128e-01 1.78605264e-01
 4.05938943e-02 1.25419283e-01]
stepsize_vec:,[0.   0.   0.   0.   0.   0.   0.   0.   0.   0.1  0.1  0.1  0.1  0.1
 0.02 0.02 0.02 0.02 0.02 0.02 0.02 0.02 0.02 0.02 0.02 0.02 0.02 0.02
 0.02 0.02 0.02 0.02 0.02 0.02 0.02 0.02 0.02 0.02 0.02 0.02 0.02 0.02
 0.02 0.02 0.02 0.02 0.02 0.02 0.02 0.02 0.02 0.02 0.02 0.02 0.02 0.02
 0.02 0.02 0.02 0.02 0.02 0.02 0.02 0.02 0.02 0.02 0.02 0.02 0.02 0.02
 0.02 0.02 0.02 0.02 0.02 0.02 0.02 0.02 0.02 0.02 0.02 0.02 0.02 0.02
 0.02 0.02 0.02 0.02 0.02 0.02 0.02 0.02 0.02 0.02 0.02 0.02 0.02 0.02
 0.02 0.02 0.02 0.02 0.02 0.02 0.02 0.02 0.02 0.02 0.02 0.02 0.02 0.02
 0.02 0.02]
step_ratio_vec:,[0.1 0.1 0.1 0.1 0.1 0.1 0.1 0.1 0.1 0.1 0.1 0.1 0.1 0.1 0.1 0.1 0.1 0.1
 0.1 0.1 0.1 0.1 0.1 0.1 0.1 0.1 0.1 0.1 0.1 0.1 0.1 0.1 0.1 0.1 0.1 0.1
 0.1 0.1 0.1 0.1 0.1 0.1 0.1 0.1 0.1 0.1 0.1 0.1 0.1 0.1 0.1 0.1 0.1 0.1
 0.1 0.1 0.1 0.1 0.1 0.1 0.1 0.1 0.1 0.1 0.1 0.1 0.1 0.1 0.1 0.1 0.1 0.1
 0.1 0.1 0.1 0.1 0.1 0.1 0.1 0.1 0.1 0.1 0.1 0.1 0.1 0.1 0.1 0.1 0.1 0.1
 0.1 0.1 0.1 0.1 0.1 0.1 0.1 0.1 0.1 0.1 0.1 0.1 0.1 0.1 0.1 0.1 0.1 0.1
 0.1 0.1 0.1 0.1 0.1 0.1]
swap interval:,10
sim interval:,[      0.  250000.  500000.  750000. 1000000.]
likelihood_sed (T/F):,True
erodep_coords:,[[42 10]
 [39  8]
 [75 51]
 [59 13]
 [40  5]
 [ 6 20]
 [14 66]
 [ 4 40]
 [72 73]
 [46 64]]
sed scaling factor:,50
samples_per_chain:,1000
burnin:,0.25
num params:,114
initial_proposed_vec:,[1.50000000e+00 1.50000000e+00 1.50000000e+00 1.50000000e+00
 5.00000000e-06 5.00000000e-01 1.00000000e+00 5.00000000e-01
 8.00000000e-01 8.59481529e-01 3.99566457e-01 2.60613757e-01
 9.47477048e-01 6.51342435e-02 2.32150988e-02 1.35917889e-01
 1.18587874e-01 2.35992940e-02 1.25238682e-01 1.42714473e-01
 3.68188288e-02 1.60076032e-01 4.04530245e-02 1.09438494e-01
 5.18765398e-02 1.96139591e-01 1.24202211e-01 7.54799647e-02
 1.26431830e-01 1.60745768e-02 1.96431599e-01 1.11225514e-01
 1.86021180e-01 1.04099437e-01 5.75014398e-02 1.62564038e-01
 1.13515979e-01 2.92797422e-02 1.91603606e-01 8.47786775e-02
 1.04872688e-01 1.67629453e-01 9.86403583e-03 6.65562336e-02
 1.99698947e-01 1.37256317e-01 1.60771423e-01 4.86575750e-02
 6.86573389e-02 1.52323088e-01 1.40255304e-01 5.93422841e-02
 1.62797206e-01 8.96175569e-02 1.55244808e-01 4.86073168e-02
 1.21615910e-01 1.42344852e-01 8.28464305e-02 1.52859885e-01
 1.89856798e-01 7.28733436e-02 1.04039651e-01 1.64354954e-01
 1.04683410e-01 8.58665532e-02 1.04168444e-01 3.21553954e-02
 5.61372872e-02 3.93262784e-02 2.60452706e-02 5.13139025e-02
 5.85402614e-02 2.90696349e-02 2.22698996e-03 4.60682717e-02
 6.02190686e-02 1.49958136e-01 5.77689063e-02 1.07836597e-02
 2.89815728e-02 1.85725976e-01 1.81939378e-01 7.27330717e-02
 7.88083146e-02 2.14647898e-02 1.54541720e-01 1.45960874e-01
 1.94760943e-01 1.12362355e-01 1.64873596e-03 1.58373611e-01
 1.90869833e-01 9.11421511e-02 5.61813597e-05 1.95370246e-01
 1.88626921e-01 1.45986285e-01 7.90326219e-02 1.35776020e-01
 4.30429297e-02 1.42108369e-02 1.83871449e-01 1.63453004e-02
 1.69565620e-01 1.23559613e-01 1.57349320e-01 1.83617441e-01
 1.73362985e-01 1.33910313e-01 1.46876128e-01 1.78605264e-01
 4.05938943e-02 1.25419283e-01]
stepsize_vec:,[0.   0.   0.   0.   0.   0.   0.   0.   0.   0.1  0.1  0.1  0.1  0.1
 0.02 0.02 0.02 0.02 0.02 0.02 0.02 0.02 0.02 0.02 0.02 0.02 0.02 0.02
 0.02 0.02 0.02 0.02 0.02 0.02 0.02 0.02 0.02 0.02 0.02 0.02 0.02 0.02
 0.02 0.02 0.02 0.02 0.02 0.02 0.02 0.02 0.02 0.02 0.02 0.02 0.02 0.02
 0.02 0.02 0.02 0.02 0.02 0.02 0.02 0.02 0.02 0.02 0.02 0.02 0.02 0.02
 0.02 0.02 0.02 0.02 0.02 0.02 0.02 0.02 0.02 0.02 0.02 0.02 0.02 0.02
 0.02 0.02 0.02 0.02 0.02 0.02 0.02 0.02 0.02 0.02 0.02 0.02 0.02 0.02
 0.02 0.02 0.02 0.02 0.02 0.02 0.02 0.02 0.02 0.02 0.02 0.02 0.02 0.02
 0.02 0.02]
step_ratio_vec:,[0.1 0.1 0.1 0.1 0.1 0.1 0.1 0.1 0.1 0.1 0.1 0.1 0.1 0.1 0.1 0.1 0.1 0.1
 0.1 0.1 0.1 0.1 0.1 0.1 0.1 0.1 0.1 0.1 0.1 0.1 0.1 0.1 0.1 0.1 0.1 0.1
 0.1 0.1 0.1 0.1 0.1 0.1 0.1 0.1 0.1 0.1 0.1 0.1 0.1 0.1 0.1 0.1 0.1 0.1
 0.1 0.1 0.1 0.1 0.1 0.1 0.1 0.1 0.1 0.1 0.1 0.1 0.1 0.1 0.1 0.1 0.1 0.1
 0.1 0.1 0.1 0.1 0.1 0.1 0.1 0.1 0.1 0.1 0.1 0.1 0.1 0.1 0.1 0.1 0.1 0.1
 0.1 0.1 0.1 0.1 0.1 0.1 0.1 0.1 0.1 0.1 0.1 0.1 0.1 0.1 0.1 0.1 0.1 0.1
 0.1 0.1 0.1 0.1 0.1 0.1]
swap interval:,10
sim interval:,[      0.  250000.  500000.  750000. 1000000.]
likelihood_sed (T/F):,True
erodep_coords:,[[42 10]
 [39  8]
 [75 51]
 [59 13]
 [40  5]
 [ 6 20]
 [14 66]
 [ 4 40]
 [72 73]
 [46 64]]
sed scaling factor:,50
samples_per_chain:,1000
burnin:,0.25
num params:,114
initial_proposed_vec:,[1.50000000e+00 1.50000000e+00 1.50000000e+00 1.50000000e+00
 5.00000000e-06 5.00000000e-01 1.00000000e+00 5.00000000e-01
 8.00000000e-01 8.59481529e-01 3.99566457e-01 2.60613757e-01
 9.47477048e-01 6.51342435e-02 2.32150988e-02 1.35917889e-01
 1.18587874e-01 2.35992940e-02 1.25238682e-01 1.42714473e-01
 3.68188288e-02 1.60076032e-01 4.04530245e-02 1.09438494e-01
 5.18765398e-02 1.96139591e-01 1.24202211e-01 7.54799647e-02
 1.26431830e-01 1.60745768e-02 1.96431599e-01 1.11225514e-01
 1.86021180e-01 1.04099437e-01 5.75014398e-02 1.62564038e-01
 1.13515979e-01 2.92797422e-02 1.91603606e-01 8.47786775e-02
 1.04872688e-01 1.67629453e-01 9.86403583e-03 6.65562336e-02
 1.99698947e-01 1.37256317e-01 1.60771423e-01 4.86575750e-02
 6.86573389e-02 1.52323088e-01 1.40255304e-01 5.93422841e-02
 1.62797206e-01 8.96175569e-02 1.55244808e-01 4.86073168e-02
 1.21615910e-01 1.42344852e-01 8.28464305e-02 1.52859885e-01
 1.89856798e-01 7.28733436e-02 1.04039651e-01 1.64354954e-01
 1.04683410e-01 8.58665532e-02 1.04168444e-01 3.21553954e-02
 5.61372872e-02 3.93262784e-02 2.60452706e-02 5.13139025e-02
 5.85402614e-02 2.90696349e-02 2.22698996e-03 4.60682717e-02
 6.02190686e-02 1.49958136e-01 5.77689063e-02 1.07836597e-02
 2.89815728e-02 1.85725976e-01 1.81939378e-01 7.27330717e-02
 7.88083146e-02 2.14647898e-02 1.54541720e-01 1.45960874e-01
 1.94760943e-01 1.12362355e-01 1.64873596e-03 1.58373611e-01
 1.90869833e-01 9.11421511e-02 5.61813597e-05 1.95370246e-01
 1.88626921e-01 1.45986285e-01 7.90326219e-02 1.35776020e-01
 4.30429297e-02 1.42108369e-02 1.83871449e-01 1.63453004e-02
 1.69565620e-01 1.23559613e-01 1.57349320e-01 1.83617441e-01
 1.73362985e-01 1.33910313e-01 1.46876128e-01 1.78605264e-01
 4.05938943e-02 1.25419283e-01]
stepsize_vec:,[0.   0.   0.   0.   0.   0.   0.   0.   0.   0.1  0.1  0.1  0.1  0.1
 0.02 0.02 0.02 0.02 0.02 0.02 0.02 0.02 0.02 0.02 0.02 0.02 0.02 0.02
 0.02 0.02 0.02 0.02 0.02 0.02 0.02 0.02 0.02 0.02 0.02 0.02 0.02 0.02
 0.02 0.02 0.02 0.02 0.02 0.02 0.02 0.02 0.02 0.02 0.02 0.02 0.02 0.02
 0.02 0.02 0.02 0.02 0.02 0.02 0.02 0.02 0.02 0.02 0.02 0.02 0.02 0.02
 0.02 0.02 0.02 0.02 0.02 0.02 0.02 0.02 0.02 0.02 0.02 0.02 0.02 0.02
 0.02 0.02 0.02 0.02 0.02 0.02 0.02 0.02 0.02 0.02 0.02 0.02 0.02 0.02
 0.02 0.02 0.02 0.02 0.02 0.02 0.02 0.02 0.02 0.02 0.02 0.02 0.02 0.02
 0.02 0.02]
step_ratio_vec:,[0.1 0.1 0.1 0.1 0.1 0.1 0.1 0.1 0.1 0.1 0.1 0.1 0.1 0.1 0.1 0.1 0.1 0.1
 0.1 0.1 0.1 0.1 0.1 0.1 0.1 0.1 0.1 0.1 0.1 0.1 0.1 0.1 0.1 0.1 0.1 0.1
 0.1 0.1 0.1 0.1 0.1 0.1 0.1 0.1 0.1 0.1 0.1 0.1 0.1 0.1 0.1 0.1 0.1 0.1
 0.1 0.1 0.1 0.1 0.1 0.1 0.1 0.1 0.1 0.1 0.1 0.1 0.1 0.1 0.1 0.1 0.1 0.1
 0.1 0.1 0.1 0.1 0.1 0.1 0.1 0.1 0.1 0.1 0.1 0.1 0.1 0.1 0.1 0.1 0.1 0.1
 0.1 0.1 0.1 0.1 0.1 0.1 0.1 0.1 0.1 0.1 0.1 0.1 0.1 0.1 0.1 0.1 0.1 0.1
 0.1 0.1 0.1 0.1 0.1 0.1]
swap interval:,10
sim interval:,[      0.  250000.  500000.  750000. 1000000.]
likelihood_sed (T/F):,True
erodep_coords:,[[42 10]
 [39  8]
 [75 51]
 [59 13]
 [40  5]
 [ 6 20]
 [14 66]
 [ 4 40]
 [72 73]
 [46 64]]
sed scaling factor:,50